0
23.56625896364314 41.15705854577977 0 1.272631826683853
45.13503395500715 77.67521729877454 0 1.0953286651990095
57.63300003685609 18.815256515675983 0 2.817668726790829
32.07892737847887 17.612642350617737 0 1.9031937067378344
16.651757527560484 12.085706912384808 0 0.31076251829988655
28.79199276031803 23.33657019310659 0 0.2501287379479256
37.832974896518536 46.712355624197876 0 0.8442958915584765
57.399877037785096 87.73088315721911 0 1.5715290856827782
39.44662929376227 66.36222094529394 0 2.523408642300641
43.162260500451396 45.46975870106048 0 1.0696927309355029
53.01933584222899 12.704774742132518 0 2.287493314505831
87.23274007421892 22.310583892192547 0 2.64259554115591
32.052817903396466 25.04440151924442 0 0.18273636508448649
80.55670676684518 42.22565298411636 0 2.798814706150906
66.50697624479078 37.49129389105607 0 0.5520446970535312
55.443560578958994 40.14600615789453 0 1.7439532744753568
9.510152351153767 12.187910456784412 0 1.6713316098694022
8.16947090823409 87.11113864097555 0 1.968417323186894
69.59393696653325 97.62978849758248 0 0.888159474405112
54.869693185894185 12.762373745704526 0 0.9045339116957918
80.8795061805578 21.775405339909238 0 1.081037559172415
87.45024470612815 8.878727150983856 0 1.3497477257198416
98.71292589492413 33.684467313045815 0 1.0191491139298683
7.429329498823467 98.87538662799261 0 1.0273119620709514
68.35669310582003 8.012207474780286 0 2.835859979008014
87.81247823638509 43.47081397907875 0 1.7456144096496502
58.679411732635735 85.68620252392152 0 0.5711924807796755
79.07229101825007 16.90932767458776 0 2.1964833884677755
80.07715825242289 29.92009069460144 0 0.3911904203715846
11.03720305623035 54.92995429304829 0 2.793857208780557
24.366153791195046 36.394601461824415 0 2.2081855163497655
14.526563347195365 99.37838476507638 0 1.388594016457225
56.412734009148245 64.1436937298274 0 0.4401905897104478
27.824144696626508 96.0467170217258 0 0.4864326280187873
28.39283704991187 95.65800251769555 0 0.7135670614905891
60.94165053144365 24.252335585991737 0 1.4011874129082942
39.35336053279054 81.49295946208396 0 2.007420263388855
40.184857642608975 4.085035953393645 0 2.652678111377098
32.275716911248395 35.65842247690223 0 2.7150456775792517
79.34166982589194 32.205663939141985 0 0.1601765311225961
1.279431450273727 67.54912226572173 0 2.01632826699116
57.7787967067801 36.3390376216662 0 1.9140120564157301
45.26905043712037 87.16516775906604 0 0.2396542342547252
12.114443248465056 84.1293315270113 0 2.418114904346333
30.7826448986981 57.329086519597794 0 1.820693956456998
59.7580725968684 55.85251181445487 0 2.800593474792659
25.685739363341465 15.922148567400729 0 0.7292742049698359
97.28831383456861 88.64559606031999 0 0.30048750511087324
40.325353560357314 80.31691377529235 0 1.7520954884398523
64.4582975281003 63.56510632116679 0 1.8715084548994365
19.037790506825857 70.12151765334454 0 0.3722965643864582
14.652117645877926 55.46895525386866 0 0.8812845862637547
54.76239175013645 50.40399362903582 0 2.653258041013417
80.70602316228927 29.96998600939982 0 0.6737817089245058
18.47801591168068 23.375969281412136 0 1.958492896067119
71.97354841628348 22.825620545298055 0 1.7195415361139699
92.47188729353974 86.74514476502972 0 2.917465704616115
94.68524431042128 71.58048079239667 0 0.8696512592308324
25.146026915808363 29.005570446731987 0 0.6175899115465392
15.468321043853662 27.79850035963156 0 0.24093704031697202
80.90098480093964 38.71690217256671 0 2.505534533506071
62.57059568653317 75.90551023702422 0 1.4158255349217168
90.14511378471622 35.77386440507032 0 2.3302463569211076
28.68412553213392 80.32738943526512 0 2.1666781218126383
85.23479551120502 88.18840316217255 0 2.3386132922527656
37.40764776886356 75.41562927731516 0 2.907704078399037
44.20156485829859 60.79737048328396 0 2.194139949159105
92.0662226277576 13.022356989530637 0 2.4177273524029594
12.254482995041183 18.918383864817724 0 2.319186502015612
31.854471078829427 98.34788846237092 0 1.1138613335287262
82.51309413543689 74.20936141105959 0 1.823858020066838
16.42452837515923 74.96186512204184 0 0.5738067126129397
99.29049957207346 98.40695905608607 0 0.6147335703523716
16.443095237845295 43.308442121987945 0 1.4207201013026816
11.429299940910454 28.786273801234895 0 1.9683226332576205
53.14834826354752 31.123169090835457 0 1.4160266831065198
17.0600564670508 59.50958965368797 0 2.1116597951514846
44.489834977114306 40.000268422770446 0 2.465564078905599
94.323347583735 58.36428005738976 0 1.2662960718440261
79.9615246961163 19.385405328489767 0 2.7527449665114094
58.116094601616375 63.33692336429818 0 0.7478444564247824
0.5303061906093642 1.1385577858007423 0 0.43115349901085664
35.224109212419265 57.819885933134564 0 0.5943015932517342
69.58196665741497 78.47172272923514 0 2.886129294305731
16.679024615547732 75.96242128466696 0 0.6580972463108339
21.623368705141633 33.71855029533896 0 2.0372101931297344
6.546719393142997 37.60246784271214 0 2.7855849455788313
87.35161574581524 96.49509258637838 0 1.3768561761224376
2.8911023481071774 3.4764072393548617 0 1.104192433786307
81.67053533711581 85.13058159060655 0 1.0086381345276259
30.63657380612299 75.95684268640532 0 0.5975887399426865
74.10418496902999 78.7033099151581 0 2.558318043931796
52.05310032115587 94.01583643851264 0 0.45939834895120824
31.24482816292371 82.3826196443857 0 1.6388629769141883
14.78480562097605 28.112538828155554 0 1.7078611887505601
16.430998933157714 61.092198846395306 0 1.473650572858318
80.44649766353038 17.088787721568632 0 1.2418150137147244
29.572738930549956 26.077532624208565 0 2.233364678925961
94.11533828270949 60.61775358551657 0 1.745039100197618
78.50293226189893 43.26412226921907 0 0.5630572606313446
