100
100
0.25 0
0.25 0
0.25 0
0.25 0
0.25 0
0.25 0
0.25 0
0.25 0
0.25 0
0.25 0
0.25 0
0.25 0
0.25 0
0.25 0
0.25 0
0.25 0
0.25 0
0.25 0
0.25 0
0.25 0
0.25 0
0.25 0
0.25 0
0.25 0
0.25 0
0.25 0
0.25 0
0.25 0
0.25 0
0.25 0
0.25 0
0.25 0
0.25 0
0.25 0
0.25 0
0.25 0
0.25 0
0.25 0
0.25 0
0.25 0
0.25 0
0.25 0
0.25 0
0.25 0
0.25 0
0.25 0
0.25 0
0.25 0
0.25 0
0.25 0
0.25 0
0.25 0
0.25 0
0.25 0
0.25 0
0.25 0
0.25 0
0.25 0
0.25 0
0.25 0
0.25 0
0.25 0
0.25 0
0.25 0
0.25 0
0.25 0
0.25 0
0.25 0
0.25 0
0.25 0
0.25 0
0.25 0
0.25 0
0.25 0
0.25 0
0.25 0
0.25 0
0.25 0
0.25 0
0.25 0
0.25 0
0.25 0
0.25 0
0.25 0
0.25 0
0.25 0
0.25 0
0.25 0
0.25 0
0.25 0
0.25 0
0.25 0
0.25 0
0.25 0
0.25 0
0.25 0
0.25 0
0.25 0
0.25 0
0.25 0
