date,x,y,vx,vy
23-09-2022,-1.014319519875520E+08,3.525562675248842E+07,-1.166353075744313E+01,-3.324015683726970E+01
24-09-2022,-1.023991898725976E+08,3.237003052472993E+07,-1.072479530799986E+01,-3.355160759449309E+01
25-09-2022,-1.032849588655006E+08,2.945868029043187E+07,-9.777804806530630E+00,-3.383627680703292E+01
26-09-2022,-1.040885789997481E+08,2.652389939073635E+07,-8.823330335747377E+00,-3.409395031318174E+01
27-09-2022,-1.048094371650043E+08,2.356802868509425E+07,-7.862148292484899E+00,-3.432443677931577E+01
28-09-2022,-1.054469875358599E+08,2.059342457379427E+07,-6.895039683929928E+00,-3.452756781460504E+01
29-09-2022,-1.060007519397142E+08,1.760245701159451E+07,-5.922789422550552E+00,-3.470319806227350E+01
30-09-2022,-1.064703201637136E+08,1.459750751447914E+07,-4.946185620606574E+00,-3.485120526750011E+01
01-10-2022,-1.068553502007496E+08,1.158096716155276E+07,-3.966018885109705E+00,-3.497149032209750E+01
02-10-2022,-1.071555684345919E+08,8.555234594071340E+06,-2.983081614088029E+00,-3.506397728615127E+01
03-10-2022,-1.073707697643048E+08,5.522714013590649E+06,-1.998167294991984E+00,-3.512861338685024E+01
04-10-2022,-1.075008176681677E+08,2.485813181191272E+06,-1.012069806058970E+00,-3.516536899478703E+01
05-10-2022,-1.075456442073866E+08,-5.530585802845247E+05,-2.558272127379942E-02,-3.517423757796020E+01
06-10-2022,-1.075052499699381E+08,-3.591492379069511E+06,9.605013801588158E-01,-3.515523563384289E+01
07-10-2022,-1.073797039549721E+08,-6.627081740505608E+06,1.945391599276699E+00,-3.510840259983850E+01
08-10-2022,-1.071691433982297E+08,-9.657424584413379E+06,2.928299397076793E+00,-3.503380074233837E+01
09-10-2022,-1.068737735390113E+08,-1.268012519196748E+07,3.908439267729362E+00,-3.493151502479657E+01
10-10-2022,-1.064938673292803E+08,-1.569279616027764E+07,4.885029404704547E+00,-3.480165295511239E+01
11-10-2022,-1.060297650855446E+08,-1.869306034290117E+07,5.857292359111364E+00,-3.464434441264515E+01
12-10-2022,-1.054818740842193E+08,-2.167855277454298E+07,6.824455689558080E+00,-3.445974145523829E+01
13-10-2022,-1.048506681012319E+08,-2.464692257823401E+07,7.785752602857912E+00,-3.424801810667593E+01
14-10-2022,-1.041366868966898E+08,-2.759583485331726E+07,8.740422584925055E+00,-3.400937012503845E+01
15-10-2022,-1.033405356454847E+08,-3.052297254261246E+07,9.687712021233366E+00,-3.374401475246077E+01
16-10-2022,-1.024628843147620E+08,-3.342603827717589E+07,1.062687480624325E+01,-3.345219044683105E+01
17-10-2022,-1.015044669892325E+08,-3.630275619711892E+07,1.155717294124183E+01,-3.313415659599590E+01
18-10-2022,-1.004660811453493E+08,-3.915087374699943E+07,1.247787712008712E+01,-3.279019321506282E+01
19-10-2022,-9.934858687541610E+07,-4.196816344435185E+07,1.338826730239836E+01,-3.242060062740996E+01
20-10-2022,-9.815290606272881E+07,-4.475242461997508E+07,1.428763327379287E+01,-3.202569913002864E+01
21-10-2022,-9.688002150888640E+07,-4.750148512864748E+07,1.517527519274266E+01,-3.160582864367409E+01
22-10-2022,-9.553097601444681E+07,-5.021320302898390E+07,1.605050412369684E+01,-3.116134834862121E+01
23-10-2022,-9.410687141412157E+07,-5.288546823122207E+07,1.691264255618893E+01,-3.069263630650433E+01
24-10-2022,-9.260886756774142E+07,-5.551620411175194E+07,1.776102490954002E+01,-3.020008906882489E+01
25-10-2022,-9.103818130824411E+07,-5.810336909327140E+07,1.859499802295890E+01,-2.968412127282804E+01
26-10-2022,-8.939608534795909E+07,-6.064495818949874E+07,1.941392163074418E+01,-2.914516522528638E+01
27-10-2022,-8.768390714448676E+07,-6.313900451342393E+07,2.021716882236491E+01,-2.858367047480561E+01
28-10-2022,-8.590302772748713E+07,-6.558358074813316E+07,2.100412648721861E+01,-2.800010337326167E+01
29-10-2022,-8.405488048770994E+07,-6.797680057929379E+07,2.177419574388909E+01,-2.739494662697460E+01
30-10-2022,-8.214094992961204E+07,-7.031682008843908E+07,2.252679235374903E+01,-2.676869883821999E+01
31-10-2022,-8.016277038892074E+07,-7.260183910624343E+07,2.326134711877639E+01,-2.612187403767355E+01
01-11-2022,-7.812192471651165E+07,-7.483010252503061E+07,2.397730626347705E+01,-2.545500120838055E+01
02-11-2022,-7.602004292997819E+07,-7.699990156980786E+07,2.467413180083049E+01,-2.476862380183671E+01
03-11-2022,-7.385880083427568E+07,-7.910957502716953E+07,2.535130188219919E+01,-2.406329924676285E+01
04-11-2022,-7.163991861282752E+07,-8.115751043146420E+07,2.600831113116734E+01,-2.333959845115088E+01
05-11-2022,-6.936515939048229E+07,-8.314214520766830E+07,2.664467096129922E+01,-2.259810529815433E+01
06-11-2022,-6.703632776971178E+07,-8.506196777045706E+07,2.725990987778111E+01,-2.183941613630519E+01
07-11-2022,-6.465526834144448E+07,-8.691551857900682E+07,2.785357376300889E+01,-2.106413926471259E+01
08-11-2022,-6.222386417190799E+07,-8.870139114711973E+07,2.842522614622480E+01,-2.027289441368157E+01
09-11-2022,-5.974403526687581E+07,-9.041823300829352E+07,2.897444845706098E+01,-1.946631222127751E+01
10-11-2022,-5.721773701468727E+07,-9.206474663541111E+07,2.950084026331747E+01,-1.864503370636148E+01
11-11-2022,-5.464695860940742E+07,-9.363969031476414E+07,3.000401949293125E+01,-1.780970973856306E+01
12-11-2022,-5.203372145548684E+07,-9.514187897416748E+07,3.048362264027366E+01,-1.696100050565818E+01
13-11-2022,-4.938007755526915E+07,-9.657018496495908E+07,3.093930495692209E+01,-1.609957497880960E+01
14-11-2022,-4.668810788068101E+07,-9.792353879772054E+07,3.137074062706010E+01,-1.522611037611714E+01
15-11-2022,-4.395992073042575E+07,-9.920092983159111E+07,3.177762292766841E+01,-1.434129162491449E+01
16-11-2022,-4.119765007398754E+07,-1.004014069170857E+08,3.215966437367826E+01,-1.344581082323939E+01
17-11-2022,-3.840345388373727E+07,-1.015240789923625E+08,3.251659684826635E+01,-1.254036670089337E+01
18-11-2022,-3.557951245641636E+07,-1.025681156329242E+08,3.284817171847946E+01,-1.162566408049733E+01
19-11-2022,-3.272802672525711E+07,-1.035327475547673E+08,3.315415993638508E+01,-1.070241333893873E+01
20-11-2022,-2.985121656398166E+07,-1.044172670710321E+08,3.343435212595290E+01,-9.771329869595849E+00
21-11-2022,-2.695131908390321E+07,-1.052210285022359E+08,3.368855865588036E+01,-8.833133545714471E+00
22-11-2022,-2.403058692533888E+07,-1.059434485402022E+08,3.391660969842357E+01,-7.888548185218468E+00
23-11-2022,-2.109128654453164E+07,-1.065840065658253E+08,3.411835527467457E+01,-6.938301017368759E+00
24-11-2022,-1.813569649724094E+07,-1.071422449208432E+08,3.429366528629834E+01,-5.983122151480429E+00
25-11-2022,-1.516610572017040E+07,-1.076177691338079E+08,3.444242953398621E+01,-5.023744048034653E+00
26-11-2022,-1.218481181136343E+07,-1.080102481004719E+08,3.456455772290069E+01,-4.060900992415746E+00
27-11-2022,-9.194119310684655E+06,-1.083194142188281E+08,3.465997945528481E+01,-3.095328571532362E+00
28-11-2022,-6.196337981485792E+06,-1.085450634790630E+08,3.472864421047313E+01,-2.127763153552797E+00
29-11-2022,-3.193781094534432E+06,-1.086870555087011E+08,3.477052131253885E+01,-1.158941370974330E+00
30-11-2022,-1.887637152638366E+05,-1.087453135732388E+08,3.478559988580896E+01,-1.895996072366296E-01
01-12-2022,2.816399004617917E+06,-1.087198245325810E+08,3.477388879847626E+01,7.795265129206977E-01
02-12-2022,5.819393530140808E+06,-1.086106387536146E+08,3.473541659453462E+01,1.747702629166331E+00
03-12-2022,8.817909639708566E+06,-1.084178699792637E+08,3.467023141426094E+01,2.714196147171058E+00
04-12-2022,1.180964211437720E+07,-1.081416951543925E+08,3.457840090346472E+01,3.678276735917025E+00
05-12-2022,1.479229241881528E+07,-1.077823542089306E+08,3.446001211172327E+01,4.639216820562199E+00
06-12-2022,1.776357037300375E+07,-1.073401497986123E+08,3.431517137981813E+01,5.596292070709803E+00
07-12-2022,2.072119581375131E+07,-1.068154470037340E+08,3.414400421658519E+01,6.548781883942479E+00
08-12-2022,2.366290024511831E+07,-1.062086729863422E+08,3.394665516533324E+01,7.495969864481006E+00
09-12-2022,2.658642847685806E+07,-1.055203166062824E+08,3.372328766011570E+01,8.437144296849930E+00
10-12-2022,2.948954025000609E+07,-1.047509279965402E+08,3.347408387195884E+01,9.371598614450008E+00
11-12-2022,3.237001184875799E+07,-1.039011180983256E+08,3.319924454528401E+01,1.029863186288056E+01
12-12-2022,3.522563769779623E+07,-1.029715581563533E+08,3.289898882468231E+01,1.121754915796705E+01
13-12-2022,3.805423194424002E+07,-1.019629791747836E+08,3.257355407222056E+01,1.212766213836628E+01
14-12-2022,4.085363002340730E+07,-1.008761713342950E+08,3.222319567544444E+01,1.302828941266409E+01
15-12-2022,4.362169020759220E+07,-9.971198337076840E+07,3.184818684623896E+01,1.391875700088395E+01
16-12-2022,4.635629513707456E+07,-9.847132191606992E+07,3.144881841069974E+01,1.479839877032835E+01
17-12-2022,4.905535333259132E+07,-9.715515080142385E+07,3.102539859016229E+01,1.566655686567773E+01
18-12-2022,5.171680068851201E+07,-9.576449032387601E+07,3.057825277352927E+01,1.652258213327542E+01
19-12-2022,5.433860194597203E+07,-9.430041647635245E+07,3.010772328102745E+01,1.736583453952959E+01
20-12-2022,5.691875214522894E+07,-9.276406014182499E+07,2.961416911951887E+01,1.819568358336662E+01
21-12-2022,5.945527805651686E+07,-9.115660625209963E+07,2.909796572948126E+01,1.901150870267308E+01
22-12-2022,6.194623958868395E+07,-8.947929291175064E+07,2.855950472376427E+01,1.981269967466618E+01
23-12-2022,6.438973117490678E+07,-8.773341048772669E+07,2.799919361821820E+01,2.059865701013561E+01
24-12-2022,6.678388313478274E+07,-8.592030066516310E+07,2.741745555428178E+01,2.136879234145079E+01
25-12-2022,6.912686301211067E+07,-8.404135546993941E+07,2.681472901361046E+01,2.212252880432824E+01
26-12-2022,7.141687688767113E+07,-8.209801625852881E+07,2.619146752479308E+01,2.285930141320816E+01
27-12-2022,7.365217066633178E+07,-8.009177267568934E+07,2.554813936226857E+01,2.357855743021689E+01
28-12-2022,7.583103133780020E+07,-7.802416158056252E+07,2.488522723743547E+01,2.427975672752910E+01
29-12-2022,7.795178821035625E+07,-7.589676594174969E+07,2.420322798207471E+01,2.496237214308823E+01
30-12-2022,8.001281411690183E+07,-7.371121370194679E+07,2.350265222413731E+01,2.562588982952517E+01
31-12-2022,8.201252659267183E+07,-7.146917661273164E+07,2.278402405598045E+01,2.626980959613005E+01
01-01-2023,8.394938902395818E+07,-6.917236904010971E+07,2.204788069515896E+01,2.689364524374674E+01
02-01-2023,8.582191176720895E+07,-6.682254674143511E+07,2.129477213789296E+01,2.749692489247464E+01
03-01-2023,8.762865323787537E+07,-6.442150561433234E+07,2.052526080533713E+01,2.807919130207696E+01
04-01-2023,8.936822096838968E+07,-6.197108041825308E+07,1.973992118277281E+01,2.864000218501013E+01
05-01-2023,9.103927263466761E+07,-5.947314346930861E+07,1.893933945182987E+01,2.917893051200331E+01
06-01-2023,9.264051705053668E+07,-5.692960330902405E+07,1.812411311582270E+01,2.969556481013291E+01
07-01-2023,9.417071512949817E+07,-5.434240334766460E+07,1.729485061825229E+01,3.018950945335117E+01
08-01-2023,9.562868081323297E+07,-5.171352048278725E+07,1.645217095448484E+01,3.066038494544375E+01
09-01-2023,9.701328196626213E+07,-4.904496369367801E+07,1.559670327663212E+01,3.110782819520002E+01
10-01-2023,9.832344123617546E+07,-4.633877261235323E+07,1.472908649160657E+01,3.153149278380716E+01
11-01-2023,9.955813687883563E+07,-4.359701607180113E+07,1.384996885234191E+01,3.193104922420457E+01
12-01-2023,1.007164035479713E+08,-4.082179063216747E+07,1.296000754223414E+01,3.230618521227137E+01
13-01-2023,1.017973330485721E+08,-3.801521908560023E+07,1.205986825278757E+01,3.265660586960639E+01
14-01-2023,1.028000750535012E+08,-3.517944894048839E+07,1.115022475453837E+01,3.298203397770408E+01
15-01-2023,1.037238377827477E+08,-3.231665088584749E+07,1.023175846132789E+01,3.328221020330238E+01
16-01-2023,1.045678886447487E+08,-2.942901723662455E+07,9.305157988010405E+00,3.355689331468240E+01
17-01-2023,1.053315548392155E+08,-2.651876036071332E+07,8.371118701690420E+00,3.380586038870302E+01
18-01-2023,1.060142239209130E+08,-2.358811108848986E+07,7.430342266593872E+00,3.402890700835434E+01
19-01-2023,1.066153443238430E+08,-2.063931710569677E+07,6.483536182685666E+00,3.422584745061441E+01
20-01-2023,1.071344258452995E+08,-1.767464133052331E+07,5.531413318152539E+00,3.439651486439224E+01
21-01-2023,1.075710400892694E+08,-1.469636027574748E+07,4.574691435875551E+00,3.454076143833763E+01
22-01-2023,1.079248208686654E+08,-1.170676239682498E+07,3.614092714020458E+00,3.465845855829426E+01
23-01-2023,1.081954645658886E+08,-8.708146426830001E+06,2.650343260876903E+00,3.474949695416758E+01
24-01-2023,1.083827304512297E+08,-5.702819699172186E+06,1.684172624078610E+00,3.481378683597226E+01
25-01-2023,1.084864409586302E+08,-2.693096459035043E+06,7.163132944082820E-01,3.485125801883366E+01
26-01-2023,1.085064819183438E+08,3.187038355006748E+05,-2.524997957286454E-01,3.486186003669208E+01
27-01-2023,1.084428027460410E+08,3.330258221657915E+06,-1.221529778931367E+00,3.484556224444056E+01
28-01-2023,1.082954165879290E+08,6.339241948484998E+06,-2.190038364358369E+00,3.480235390831649E+01
29-01-2023,1.080644004214663E+08,9.343330200666294E+06,-3.157286354030580E+00,3.473224428421232E+01
30-01-2023,1.077498951112706E+08,1.234019982857002E+07,-4.122534163658401E+00,3.463526268369784E+01
31-01-2023,1.073521054198418E+08,1.532753108346005E+07,-5.085042347772151E+00,3.451145852749150E+01
01-02-2023,1.068712999727336E+08,1.830300935677598E+07,-6.044072128920098E+00,3.436090138612003E+01
02-02-2023,1.063078111778384E+08,2.126432692236351E+07,-6.998885930682933E+00,3.418368100750817E+01
03-02-2023,1.056620350984620E+08,2.420918468051475E+07,-7.948747914238177E+00,3.397990733124360E+01
04-02-2023,1.049344312798976E+08,2.713529390265615E+07,-8.892924518192688E+00,3.374971048926336E+01
05-02-2023,1.041255225292270E+08,3.004037797550027E+07,-9.830685001386078E+00,3.349324079271231E+01
06-02-2023,1.032358946481062E+08,3.292217414345579E+07,-1.076130198835250E+01,3.321066870472530E+01
07-02-2023,1.022661961183206E+08,3.577843524806887E+07,-1.168405201711292E+01,3.290218479888859E+01
08-02-2023,1.012171377399223E+08,3.860693146324839E+07,-1.259821608895459E+01,3.256799970313816E+01
09-02-2023,1.000894922217933E+08,4.140545202500607E+07,-1.350308021983919E+01,3.220834402885530E+01
10-02-2023,9.888409372451122E+07,4.417180695442403E+07,-1.439793599304788E+01,3.182346828498142E+01
11-02-2023,9.760183735542473E+07,4.690382877254617E+07,-1.528208111270584E+01,3.141364277686401E+01
12-02-2023,9.624367861588503E+07,4.959937420586077E+07,-1.615481995772101E+01,3.097915748965497E+01
13-02-2023,9.481063280060990E+07,5.225632588103884E+07,-1.701546413578416E+01,3.052032195611530E+01
14-02-2023,9.330377434919870E+07,5.487259400756565E+07,-1.786333303692417E+01,3.003746510855041E+01
15-02-2023,9.172423614985430E+07,5.744611804689006E+07,-1.869775438619665E+01,2.953093511475742E+01
16-02-2023,9.007320879540730E+07,5.997486836670272E+07,-1.951806479502957E+01,2.900109919781394E+01
17-02-2023,8.835193979177929E+07,6.245684787894061E+07,-2.032361031073686E+01,2.844834343955677E+01
18-02-2023,8.656173271906576E+07,6.489009366010253E+07,-2.111374696369766E+01,2.787307256761658E+01
19-02-2023,8.470394634546162E+07,6.727267855244979E+07,-2.188784131168578E+01,2.727570972589264E+01
20-02-2023,8.277999369429907E+07,6.960271274465698E+07,-2.264527098082121E+01,2.665669622837003E+01
21-02-2023,8.079134106451251E+07,7.187834533047000E+07,-2.338542520260218E+01,2.601649129619941E+01
22-02-2023,7.873950700489299E+07,7.409776584392241E+07,-2.410770534646323E+01,2.535557177797793E+01
23-02-2023,7.662606124254355E+07,7.625920576965670E+07,-2.481152544729205E+01,2.467443185318749E+01
24-02-2023,7.445262356599554E+07,7.836094002689418E+07,-2.549631272732424E+01,2.397358271876490E+01
25-02-2023,7.222086266349755E+07,8.040128842559525E+07,-2.616150811182272E+01,2.325355225879629E+01
26-02-2023,6.993249491703883E+07,8.237861709335467E+07,-2.680656673797696E+01,2.251488469741485E+01
27-02-2023,6.758928315271807E+07,8.429133987158094E+07,-2.743095845637707E+01,2.175814023485174E+01
28-02-2023,6.519303534813192E+07,8.613791967950667E+07,-2.803416832443023E+01,2.098389466679414E+01
01-03-2023,6.274560329749484E+07,8.791686984459342E+07,-2.861569709120970E+01,2.019273898711656E+01
02-03-2023,6.024888123526810E+07,8.962675539789826E+07,-2.917506167297115E+01,1.938527897409919E+01
03-03-2023,5.770480441912629E+07,9.126619433298160E+07,-2.971179561878911E+01,1.856213476029345E+01
04-03-2023,5.511534767314270E+07,9.283385882695127E+07,-3.022544956566953E+01,1.772394038620767E+01
05-03-2023,5.248252389213096E+07,9.432847642225330E+07,-3.071559168249818E+01,1.687134333801461E+01
06-03-2023,4.980838250813450E+07,9.574883116783841E+07,-3.118180810218804E+01,1.600500406951147E+01
07-03-2023,4.709500792011118E+07,9.709376471835484E+07,-3.162370334139309E+01,1.512559550859204E+01
08-03-2023,4.434451788791446E+07,9.836217739004174E+07,-3.204090070715938E+01,1.423380254851978E+01
09-03-2023,4.155906189172675E+07,9.955302917202309E+07,-3.243304268988811E+01,1.333032152431957E+01
10-03-2023,3.874081945815435E+07,1.006653406917314E+08,-3.279979134198930E+01,1.241585967463531E+01
11-03-2023,3.589199845424730E+07,1.016981941332217E+08,-3.314082864160830E+01,1.149113458942944E+01
12-03-2023,3.301483335076005E+07,1.026507341071692E+08,-3.345585684081145E+01,1.055687364393032E+01
13-03-2023,3.011158345602240E+07,1.035221684713822E+08,-3.374459879762036E+01,9.613813419262204E+00
14-03-2023,2.718453112183940E+07,1.043117691006984E+08,-3.400679829139236E+01,8.662699110238295E+00
15-03-2023,2.423597992288397E+07,1.050188726051765E+08,-3.424222032084537E+01,7.704283920775924E+00
16-03-2023,2.126825281111311E+07,1.056428809955398E+08,-3.445065138423264E+01,6.739328447529621E+00
17-03-2023,1.828369024675969E+07,1.061832622948707E+08,-3.463189974120338E+01,5.768600052194431E+00
18-03-2023,1.528464830751797E+07,1.066395510956085E+08,-3.478579565567859E+01,4.792872223167582E+00
19-03-2023,1.227349677757810E+07,1.070113490609552E+08,-3.491219161934768E+01,3.812923927118208E+00
20-03-2023,9.252617218205703E+06,1.072983253698433E+08,-3.501096255528912E+01,2.829538951114455E+00
21-03-2023,6.224401021603918E+06,1.075002171046800E+08,-3.508200600125686E+01,1.843505235976449E+00
22-03-2023,3.191247449833213E+06,1.076168295811385E+08,-3.512524227221116E+01,8.556142015416385E-01
23-03-2023,1.555616605993237E+05,1.076480366193282E+08,-3.514061460170497E+01,-1.333399354539628E-01
24-03-2023,-2.880247278248210E+06,1.075937807557366E+08,-3.512808926176822E+01,-1.122560850159112E+00
25-03-2023,-5.913768383634601E+06,1.074540733953989E+08,-3.508765566095937E+01,-2.111250804320883E+00
26-03-2023,-8.942590759695789E+06,1.072289949038150E+08,-3.501932642027862E+01,-3.098611346180184E+00
27-03-2023,-1.196430560580661E+07,1.069186946381991E+08,-3.492313742665864E+01,-4.083844014788214E+00
28-03-2023,-1.497650822825234E+07,1.065233909177128E+08,-3.479914786376781E+01,-5.066151047971148E+00
29-03-2023,-1.797680005357248E+07,1.060433709324014E+08,-3.464744021987694E+01,-6.044736093159583E+00
30-03-2023,-2.096279064159384E+07,1.054789905906220E+08,-3.446812027267143E+01,-7.018804920247270E+00
31-03-2023,-2.393209969610008E+07,1.048306743048016E+08,-3.426131705019751E+01,-7.987566135894024E+00
01-04-2023,-2.688235907120775E+07,1.040989147155125E+08,-3.402718276940615E+01,-8.950231897428440E+00
02-04-2023,-2.981121477128267E+07,1.032842723538196E+08,-3.376589274919387E+01,-9.906018627180911E+00
03-04-2023,-3.271632894239100E+07,1.023873752420063E+08,-3.347764530083530E+01,-1.085414772461307E+01
04-04-2023,-3.559538185322822E+07,1.014089184328678E+08,-3.316266159401044E+01,-1.179384627610156E+01
05-04-2023,-3.844607386342541E+07,1.003496634878124E+08,-3.282118549862521E+01,-1.272434776148190E+01
06-04-2023,-4.126612737715158E+07,9.921043789408953E+07,-3.245348340266104E+01,-1.364489275645954E+01
07-04-2023,-4.405328877995209E+07,9.799213442153996E+07,-3.205984400631954E+01,-1.455472962999157E+01
08-04-2023,-4.680533035678757E+07,9.669571041934273E+07,-3.164057809275375E+01,-1.545311523573429E+01
09-04-2023,-4.952005218926359E+07,9.532218705330966E+07,-3.119601827569572E+01,-1.633931559663898E+01
10-04-2023,-5.219528403006893E+07,9.387264848436078E+07,-3.072651872430357E+01,-1.721260658176060E+01
11-04-2023,-5.482888715266839E+07,9.234824098889400E+07,-3.023245486555783E+01,-1.807227457432163E+01
12-04-2023,-5.741875617432468E+07,9.075017202184752E+07,-2.971422306453836E+01,-1.891761713004639E+01
13-04-2023,-5.996282085055235E+07,8.907970922333851E+07,-2.917224028290731E+01,-1.974794362474964E+01
14-04-2023,-6.245904783913480E+07,8.733817936985262E+07,-2.860694371591400E+01,-2.056257589012619E+01
15-04-2023,-6.490544243182476E+07,8.552696727099319E+07,-2.801879040705079E+01,-2.136084883856793E+01
16-04-2023,-6.730005025187165E+07,8.364751461281137E+07,-2.740825684322826E+01,-2.214211107367047E+01
17-04-2023,-6.964095891567773E+07,8.170131874897960E+07,-2.677583852849332E+01,-2.290572548802116E+01
18-04-2023,-7.192629965675309E+07,7.968993144091825E+07,-2.612204953812081E+01,-2.365106984638276E+01
19-04-2023,-7.415424891030599E+07,7.761495754818714E+07,-2.544742205330351E+01,-2.437753735378186E+01
20-04-2023,-7.632302985681319E+07,7.547805367047104E+07,-2.475250587702648E+01,-2.508453720780898E+01
21-04-2023,-7.843091392297141E+07,7.328092674255475E+07,-2.403786793174942E+01,-2.577149513440842E+01
22-04-2023,-8.047622223848578E+07,7.102533258374387E+07,-2.330409173954518E+01,-2.643785390646932E+01
23-04-2023,-8.245732704720861E+07,6.871307440324603E+07,-2.255177688536621E+01,-2.708307384456355E+01
24-04-2023,-8.437265307120031E+07,6.634600126308224E+07,-2.178153846413426E+01,-2.770663329921013E+01
25-04-2023,-8.622067882634597E+07,6.392600650014967E+07,-2.099400651237200E+01,-2.830802911407983E+01
26-04-2023,-8.799993788822351E+07,6.145502610910703E+07,-2.018982542511808E+01,-2.888677706958746E+01
27-04-2023,-8.970902010698529E+07,5.893503708779965E+07,-1.936965335889024E+01,-2.944241230635350E+01
28-04-2023,-9.134657277008089E+07,5.636805574698462E+07,-1.853416162148314E+01,-2.997448972805074E+01
29-04-2023,-9.291130171171913E+07,5.375613598615691E+07,-1.768403404941014E+01,-3.048258438318559E+01
30-04-2023,-9.440197236803666E+07,5.110136753731469E+07,-1.681996637382017E+01,-3.096629182539763E+01
01-05-2023,-9.581741077701296E+07,4.840587417853433E+07,-1.594266557565977E+01,-3.142522845197212E+01
02-05-2023,-9.715650452223693E+07,4.567181191925527E+07,-1.505284923101804E+01,-3.185903182010321E+01
03-05-2023,-9.841820361972307E+07,4.290136715920626E+07,-1.415124484749850E+01,-3.226736094076041E+01
04-05-2023,-9.960152134702413E+07,4.009675482292375E+07,-1.323858919236746E+01,-3.264989654978194E+01
05-05-2023,-1.007055350139812E+08,3.726021647183589E+07,-1.231562761352327E+01,-3.300634135605638E+01
06-05-2023,-1.017293866745225E+08,3.439401839590141E+07,-1.138311335406121E+01,-3.333642026657991E+01
07-05-2023,-1.026722837789961E+08,3.150044968680763E+07,-1.044180686133114E+01,-3.363988058825409E+01
08-05-2023,-1.035334997665992E+08,2.858182029474156E+07,-9.492475091378259E+00,-3.391649220632585E+01
09-05-2023,-1.043123745975440E+08,2.564045907075524E+07,-8.535890809651006E+00,-3.416604773940853E+01
10-05-2023,-1.050083152246745E+08,2.267871179674984E+07,-7.572831888853435E+00,-3.438836267105982E+01
11-05-2023,-1.056207960043265E+08,1.969893920510402E+07,-6.604080604812765E+00,-3.458327545792945E+01
12-05-2023,-1.061493590462947E+08,1.670351498996869E+07,-5.630422931226466E+00,-3.475064761452629E+01
13-05-2023,-1.065936145028500E+08,1.369482381224506E+07,-4.652647834146495E+00,-3.489036377469170E+01
14-05-2023,-1.069532407968185E+08,1.067525930025327E+07,-3.671546567051831E+00,-3.500233172990295E+01
15-05-2023,-1.072279847888106E+08,7.647222048086956E+06,-2.687911967353976E+00,-3.508648244456738E+01
16-05-2023,-1.074176618837609E+08,4.613117613633414E+06,-1.702537755173406E+00,-3.514277004850499E+01
17-05-2023,-1.075221560770067E+08,1.575354518221318E+06,-7.162178350920989E-01,-3.517117180681198E+01
18-05-2023,-1.075414199401981E+08,-1.463657750158994E+06,2.702543981484986E-01,-3.517168806739996E+01
19-05-2023,-1.074754745474179E+08,-4.501510728153167E+06,1.256086749375507E+00,-3.514434218652244E+01
20-05-2023,-1.073244093419323E+08,-7.535798960958083E+06,2.240488907344889E+00,-3.508918043248823E+01
21-05-2023,-1.070883819440734E+08,-1.056412197699576E+07,3.222673122967030E+00,-3.500627186805686E+01
22-05-2023,-1.067676179008128E+08,-1.358408625151478E+07,4.201854880716455E+00,-3.489570821180165E+01
23-05-2023,-1.063624103776446E+08,-1.659330715731961E+07,5.177253562529859E+00,-3.475760367885242E+01
24-05-2023,-1.058731197934564E+08,-1.958941090086475E+07,6.148093103523204E+00,-3.459209480144766E+01
25-05-2023,-1.053001733991232E+08,-2.257003644198836E+07,7.113602638885101E+00,-3.439934022974499E+01
26-05-2023,-1.046440648006127E+08,-2.553283739559993E+07,8.073017141330313E+00,-3.417952051335645E+01
27-05-2023,-1.039053534274443E+08,-2.847548391367717E+07,9.025578048523666E+00,-3.393283786409418E+01
28-05-2023,-1.030846639473923E+08,-3.139566454597064E+07,9.970533879911311E+00,-3.365951590043000E+01
29-05-2023,-1.021826856283710E+08,-3.429108807785831E+07,1.090714084242273E+01,-3.335979937419104E+01
30-05-2023,-1.012001716484876E+08,-3.715948534383870E+07,1.183466342453362E+01,-3.303395388003175E+01
31-05-2023,-1.001379383552876E+08,-3.999861101519838E+07,1.275237497820610E+01,-3.268226554824113E+01
01-06-2023,-9.899686447526123E+07,-4.280624536043876E+07,1.365955828824973E+01,-3.230504072146246E+01
02-06-2023,-9.777789027471422E+07,-4.558019597709498E+07,1.455550612871335E+01,-3.190260561581306E+01
03-06-2023,-9.648201667314419E+07,-4.831829949362484E+07,1.543952180584085E+01,-3.147530596712894E+01
04-06-2023,-9.511030431029481E+07,-5.101842324011300E+07,1.631091968731703E+01,-3.102350666283776E+01
05-06-2023,-9.366387256809261E+07,-5.367846688656470E+07,1.716902571737148E+01,-3.054759136002457E+01
06-06-2023,-9.214389854869725E+07,-5.629636404763113E+07,1.801317791750395E+01,-3.004796209039086E+01
07-06-2023,-9.055161600992219E+07,-5.887008385265576E+07,1.884272687251438E+01,-2.952503885264469E+01
08-06-2023,-8.888831425930619E+07,-6.139763247998258E+07,1.965703620158779E+01,-2.897925919293913E+01
09-06-2023,-8.715533700813699E+07,-6.387705465451981E+07,2.045548301421025E+01,-2.841107777397126E+01
10-06-2023,-8.535408118674619E+07,-6.630643510760584E+07,2.123745835071738E+01,-2.782096593334819E+01
11-06-2023,-8.348599572241117E+07,-6.868389999827595E+07,2.200236760730178E+01,-2.720941123182122E+01
12-06-2023,-8.155258028121302E+07,-7.100761829508035E+07,2.274963094533030E+01,-2.657691699198464E+01
13-06-2023,-7.955538397521192E+07,-7.327580311765495E+07,2.347868368484587E+01,-2.592400182802968E+01
14-06-2023,-7.749600403631105E+07,-7.548671303729779E+07,2.418897668215211E+01,-2.525119916714011E+01
15-06-2023,-7.537608445818754E+07,-7.763865333585384E+07,2.487997669140207E+01,-2.455905676311010E+01
16-06-2023,-7.319731460767542E+07,-7.972997722226103E+07,2.555116671013494E+01,-2.384813620276104E+01
17-06-2023,-7.096142780698888E+07,-8.175908700616036E+07,2.620204630872638E+01,-2.311901240572862E+01
18-06-2023,-6.867019988817781E+07,-8.372443522801970E+07,2.683213194369165E+01,-2.237227311811601E+01
19-06-2023,-6.632544772121128E+07,-8.562452574526536E+07,2.744095725488592E+01,-2.160851840067140E+01
20-06-2023,-6.392902771707645E+07,-8.745791477397737E+07,2.802807334660604E+01,-2.082836011196206E+01
21-06-2023,-6.148283430728891E+07,-8.922321188572849E+07,2.859304905255895E+01,-2.003242138706397E+01
22-06-2023,-5.898879840120117E+07,-9.091908095921509E+07,2.913547118482551E+01,-1.922133611241880E+01
23-06-2023,-5.644888582249083E+07,-9.254424108636452E+07,2.965494476686290E+01,-1.839574839729178E+01
24-06-2023,-5.386509572620361E+07,-9.409746743265022E+07,3.015109325064172E+01,-1.755631204240096E+01
25-06-2023,-5.123945899771608E+07,-9.557759205139358E+07,3.062355871805843E+01,-1.670369000625191E+01
26-06-2023,-4.857403663496955E+07,-9.698350465187608E+07,3.107200206679959E+01,-1.583855386967625E+01
27-06-2023,-4.587091811530965E+07,-9.831415332112662E+07,3.149610318086037E+01,-1.496158329903635E+01
28-06-2023,-4.313221974824820E+07,-9.956854519928797E+07,3.189556108593735E+01,-1.407346550852331E+01
29-06-2023,-4.036008301544446E+07,-1.007457471085002E+08,3.227009408992279E+01,-1.317489472193961E+01
30-06-2023,-3.755667289918301E+07,-1.018448861352737E+08,3.261943990872658E+01,-1.226657163432323E+01
01-07-2023,-3.472417620060676E+07,-1.028651501663503E+08,3.294335577764107E+01,-1.134920287373467E+01
02-07-2023,-3.186479984894536E+07,-1.038057883780813E+08,3.324161854844385E+01,-1.042350046349393E+01
03-07-2023,-2.898076920296408E+07,-1.046661116793708E+08,3.351402477240442E+01,-9.490181285120091E+00
04-07-2023,-2.607432634584604E+07,-1.054454931082600E+08,3.376039076928938E+01,-8.549966542360441E+00
05-07-2023,-2.314772837470927E+07,-1.061433681822624E+08,3.398055268262679E+01,-7.603581226543257E+00
06-07-2023,-2.020324568593773E+07,-1.067592352025707E+08,3.417436652129877E+01,-6.651753583585940E+00
07-07-2023,-1.724316025750547E+07,-1.072926555123001E+08,3.434170818763866E+01,-5.695214583018116E+00
08-07-2023,-1.426976392944585E+07,-1.077432537089515E+08,3.448247349227886E+01,-4.734697389292219E+00
09-07-2023,-1.128535668360512E+07,-1.081107178113064E+08,3.459657815591255E+01,-3.770936835710780E+00
10-07-2023,-8.292244923800425E+06,-1.083947993809930E+08,3.468395779820671E+01,-2.804668901258689E+00
11-07-2023,-5.292739757482184E+06,-1.085953135989850E+08,3.474456791410692E+01,-1.836630190606445E+00
12-07-2023,-2.289155279979789E+06,-1.087121392973201E+08,3.477838383777460E+01,-8.675574175296126E-01
13-07-2023,7.161931376113354E+05,-1.087452189463395E+08,3.478540069439752E+01,1.018131080298830E-01
14-07-2023,3.720990555863793E+06,-1.086945585977769E+08,3.476563334011228E+01,1.070745989053132E+00
15-07-2023,6.722924168756521E+06,-1.085602277840329E+08,3.471911629027456E+01,2.038507246493664E+00
16-07-2023,9.719684998720644E+06,-1.083423593739960E+08,3.464590363630894E+01,3.004364820111811E+00
17-07-2023,1.270896958401592E+07,-1.080411493857784E+08,3.454606895136405E+01,3.967589064933056E+00
18-07-2023,1.568848165748015E+07,-1.076568567567521E+08,3.441970518499257E+01,4.927453243182285E+00
19-07-2023,1.865593381571236E+07,-1.071898030712833E+08,3.426692454706677E+01,5.883234011557323E+00
20-07-2023,2.160904917776828E+07,-1.066403722465717E+08,3.408785838111947E+01,6.834211903684598E+00
21-07-2023,2.454556303246388E+07,-1.060090101770195E+08,3.388265702734990E+01,7.779671807669460E+00
22-07-2023,2.746322447340246E+07,-1.052962243375528E+08,3.365148967545164E+01,8.718903438627166E+00
23-07-2023,3.035979802085305E+07,-1.045025833463422E+08,3.339454420746389E+01,9.651201806024476E+00
24-07-2023,3.323306522962737E+07,-1.036287164873682E+08,3.311202703083485E+01,1.057586767581509E+01
25-07-2023,3.608082628211659E+07,-1.026753131932894E+08,3.280416290186815E+01,1.149220802722228E+01
26-07-2023,3.890090156566478E+07,-1.016431224890777E+08,3.247119473972478E+01,1.239953650408554E+01
27-07-2023,4.169113323347002E+07,-1.005329523968962E+08,3.211338343114668E+01,1.329717386068884E+01
28-07-2023,4.444938674821870E+07,-9.934566930269790E+07,3.173100762606248E+01,1.418444840198931E+01
29-07-2023,4.717355240767173E+07,-9.808219728503413E+07,3.132436352422999E+01,1.506069641816612E+01
30-07-2023,4.986154685143492E+07,-9.674351740656582E+07,3.089376465306388E+01,1.592526261341054E+01
31-07-2023,5.251131454815800E+07,-9.533066696877886E+07,3.043954163679141E+01,1.677750052887922E+01
01-08-2023,5.512082926241902E+07,-9.384473873041151E+07,2.996204195707305E+01,1.761677295973379E+01
02-08-2023,5.768809550056234E+07,-9.228688009010744E+07,2.946162970521870E+01,1.844245236619151E+01
03-08-2023,6.021114993476961E+07,-9.065829223381561E+07,2.893868532612479E+01,1.925392127851237E+01
04-08-2023,6.268806280465358E+07,-8.896022924746381E+07,2.839360535405118E+01,2.005057269584995E+01
05-08-2023,6.511693929567374E+07,-8.719399719544086E+07,2.782680214033353E+01,2.083181047883262E+01
06-08-2023,6.749592089368431E+07,-8.536095316543184E+07,2.723870357317403E+01,2.159704973587743E+01
07-08-2023,6.982318671492730E+07,-8.346250428015032E+07,2.662975278951359E+01,2.234571720308545E+01
08-08-2023,7.209695481080088E+07,-8.150010667652920E+07,2.600040787921674E+01,2.307725161763464E+01
09-08-2023,7.431548344673285E+07,-7.947526445293295E+07,2.535114158150337E+01,2.379110408460805E+01
10-08-2023,7.647707235449682E+07,-7.738952858496369E+07,2.468244097377950E+01,2.448673843714375E+01
11-08-2023,7.858006395731731E+07,-7.524449581044230E+07,2.399480715292196E+01,2.516363158981278E+01
12-08-2023,8.062284456711343E+07,-7.304180748415339E+07,2.328875490907030E+01,2.582127388512994E+01
13-08-2023,8.260384555323666E+07,-7.078314840295221E+07,2.256481239197873E+01,2.645916943310080E+01
14-08-2023,8.452154448206179E+07,-6.847024560183880E+07,2.182352076997989E+01,2.707683644370659E+01
15-08-2023,8.637446622679496E+07,-6.610486712161423E+07,2.106543388161124E+01,2.767380755222722E+01
16-08-2023,8.816118404686710E+07,-6.368882074874194E+07,2.029111787995383E+01,2.824963013730120E+01
17-08-2023,8.988032063628523E+07,-6.122395272804619E+07,1.950115086973261E+01,2.880386663161933E+01
18-08-2023,9.153054914031813E+07,-5.871214644888853E+07,1.869612253722614E+01,2.933609482514807E+01
19-08-2023,9.311059413989733E+07,-5.615532110547228E+07,1.787663377303301E+01,2.984590816077640E+01
20-08-2023,9.461923260311832E+07,-5.355543033193432E+07,1.704329628774084E+01,3.033291602227876E+01
21-08-2023,9.605529480323309E+07,-5.091446081289399E+07,1.619673222063879E+01,3.079674401444174E+01
22-08-2023,9.741766520253406E+07,-4.823443087014094E+07,1.533757374139683E+01,3.123703423528000E+01
23-08-2023,9.870528330152437E+07,-4.551738902615084E+07,1.446646264491192E+01,3.165344554016187E+01
24-08-2023,9.991714445278946E+07,-4.276541254513530E+07,1.358404993933445E+01,3.204565379771735E+01
25-08-2023,1.010523006389819E+08,-3.998060595234153E+07,1.269099542735787E+01,3.241335213737565E+01
26-08-2023,1.021098612143422E+08,-3.716509953233231E+07,1.178796728086245E+01,3.275625118836671E+01
27-08-2023,1.030889936091846E+08,-3.432104780699132E+07,1.087564160899545E+01,3.307407931001445E+01
28-08-2023,1.039889239967842E+08,-3.145062799401357E+07,9.954702019775809E+00,3.336658281314064E+01
29-08-2023,1.048089379221113E+08,-2.855603844665754E+07,9.025839175316213E+00,3.363352617239045E+01
30-08-2023,1.055483808918635E+08,-2.563949707555154E+07,8.089750340760991E+00,3.387469222928219E+01
31-08-2023,1.062066589252591E+08,-2.270323975336473E+07,7.147138927043214E+00,3.408988238577538E+01
01-09-2023,1.067832390650615E+08,-1.974951870317106E+07,6.198714027569810E+00,3.427891678814350E+01
02-09-2023,1.072776498483145E+08,-1.678060087135348E+07,5.245189948948609E+00,3.444163450092917E+01
03-09-2023,1.076894817362800E+08,-1.379876628591512E+07,4.287285735876493E+00,3.457789367075209E+01
04-09-2023,1.080183875030775E+08,-1.080630640108423E+07,3.325724690313054E+00,3.468757167973147E+01
05-09-2023,1.082640825825388E+08,-7.805522429121077E+06,2.361233885069314E+00,3.477056528827715E+01
06-09-2023,1.084263453728010E+08,-4.798723660259358E+06,1.394543671945345E+00,3.482679076695953E+01
07-09-2023,1.085050174981607E+08,-1.788225771715057E+06,4.263871844432017E-01,3.485618401744485E+01
08-09-2023,1.085000040277621E+08,1.223650873219742E+06,-5.425001644923377E-01,3.485870068149592E+01
09-09-2023,1.084112736506349E+08,4.234582935054438E+06,-1.511381190233400E+00,3.483431623913805E+01
10-09-2023,1.082388588066712E+08,7.242245815915494E+06,-2.479517448808302E+00,3.478302609442112E+01
11-09-2023,1.079828557731213E+08,1.024431538425970E+07,-3.446169754173281E+00,3.470484564928528E+01
12-09-2023,1.076434247061962E+08,1.323846970544665E+07,-4.410598700063134E+00,3.459981036528433E+01
13-09-2023,1.072207896373966E+08,1.622239077711043E+07,-5.372065186088774E+00,3.446797581291032E+01
14-09-2023,1.067152384242156E+08,1.919376626824768E+07,-6.329830947768348E+00,3.430941770825067E+01
15-09-2023,1.061271226548867E+08,2.215029126091548E+07,-7.283159090194133E+00,3.412423193669723E+01
16-09-2023,1.054568575068765E+08,2.508966999340787E+07,-8.231314625050240E+00,3.391253456341168E+01
17-09-2023,1.047049215588447E+08,2.800961760375330E+07,-9.173565010705811E+00,3.367446183023826E+01
18-09-2023,1.038718565558158E+08,3.090786187234817E+07,-1.010918069511531E+01,3.341017013873778E+01
19-09-2023,1.029582671273340E+08,3.378214496251282E+07,-1.103743566126130E+01,3.311983601900121E+01
20-09-2023,1.019648204583898E+08,3.663022515772566E+07,-1.195760797487604E+01,3.280365608388252E+01
21-09-2023,1.008922459129361E+08,3.944987859425965E+07,-1.286898033417629E+01,3.246184696827223E+01
22-09-2023,9.974133460983068E+07,4.223890098794031E+07,-1.377084062125115E+01,3.209464525398266E+01
23-09-2023,9.851293895109273E+07,4.499510935374596E+07,-1.466248245447237E+01,3.170230737856424E+01 