0
3.0 3.0 0 0.0 0.0
2.307577946300554 1.1207830282385378 0 0.7997604217667068 0.6885116197130382
1.487801068250951 1.0471660028359517 0 -0.6062404067664888 -0.3008487204819657
3.451037920550616 0.8805587954627512 0 0.016287419707713788 -0.012280470694369069
1.7976931348623157E308
3.0 3.0 0 0.0 0.0
3.107338368067261 1.809294647951576 0 0.7997604217667068 0.6885116197130382
0.8815606614844622 0.7463172823539861 0 0.6062404067664888 -0.3008487204819657
3.4673253402583297 0.8682783247683821 0 0.016287419707713788 -0.012280470694369069
Infinity
3.0 3.0 0 0.0 0.0
3.907098789833968 2.497806267664614 0 0.7997604217667068 0.6885116197130382
1.487801068250951 0.4454685618720204 0 -0.6062404067664888 -0.3008487204819657
3.4836127599660434 0.855997854074013 0 0.016287419707713788 -0.012280470694369069
Infinity
3.0 3.0 0 0.0 0.0
4.706859211600674 3.1863178873776525 0 0.7997604217667068 0.6885116197130382
0.8815606614844622 0.14461984139005468 0 0.6062404067664888 -0.3008487204819657
3.499900179673757 0.8437173833796439 0 0.016287419707713788 -0.012280470694369069
Infinity
3.0 3.0 0 0.0 0.0
5.506619633367381 3.874829507090691 0 0.7997604217667068 0.6885116197130382
1.487801068250951 -0.15622887909191102 0 -0.6062404067664888 -0.3008487204819657
3.5161875993814706 0.8314369126852748 0 0.016287419707713788 -0.012280470694369069
Infinity
3.0 3.0 0 0.0 0.0
6.306380055134088 4.563341126803729 0 0.7997604217667068 0.6885116197130382
0.8815606614844622 -0.4570775995738767 0 0.6062404067664888 -0.3008487204819657
3.5324750190891843 0.8191564419909056 0 0.016287419707713788 -0.012280470694369069
Infinity
3.0 3.0 0 0.0 0.0
7.106140476900795 5.251852746516767 0 -0.7997604217667068 0.6885116197130382
1.487801068250951 -0.7579263200558424 0 0.6062404067664888 -0.3008487204819657
3.548762438796898 0.8068759712965365 0 0.016287419707713788 -0.012280470694369069
Infinity
3.0 3.0 0 0.0 0.0
6.306380055134088 5.940364366229805 0 0.7997604217667068 0.6885116197130382
2.09404147501744 -1.058775040537808 0 0.6062404067664888 -0.3008487204819657
3.5650498585046115 0.7945955006021674 0 0.016287419707713788 -0.012280470694369069
Infinity
3.0 3.0 0 0.0 0.0
7.106140476900795 6.628875985942844 0 -0.7997604217667068 0.6885116197130382
2.700281881783929 -1.3596237610197737 0 0.6062404067664888 -0.3008487204819657
3.581337278212325 0.7823150299077983 0 0.016287419707713788 -0.012280470694369069
Infinity
3.0 3.0 0 0.0 0.0
6.306380055134088 7.317387605655882 0 0.7997604217667068 0.6885116197130382
3.3065222885504175 -1.6604724815017393 0 0.6062404067664888 -0.3008487204819657
3.597624697920039 0.7700345592134292 0 0.016287419707713788 -0.012280470694369069
Infinity
3.0 3.0 0 0.0 0.0
7.106140476900795 8.00589922536892 0 -0.7997604217667068 0.6885116197130382
3.912762695316906 -1.961321201983705 0 0.6062404067664888 -0.3008487204819657
3.6139121176277524 0.7577540885190601 0 0.016287419707713788 -0.012280470694369069
Infinity
3.0 3.0 0 0.0 0.0
6.306380055134088 8.694410845081958 0 0.7997604217667068 0.6885116197130382
4.519003102083395 -2.2621699224656706 0 0.6062404067664888 -0.3008487204819657
3.630199537335466 0.745473617824691 0 0.016287419707713788 -0.012280470694369069
Infinity
3.0 3.0 0 0.0 0.0
7.106140476900795 9.382922464794996 0 -0.7997604217667068 0.6885116197130382
5.125243508849883 -2.5630186429476365 0 0.6062404067664888 -0.3008487204819657
3.6464869570431797 0.7331931471303219 0 0.016287419707713788 -0.012280470694369069
Infinity
3.0 3.0 0 0.0 0.0
6.306380055134088 10.071434084508034 0 0.7997604217667068 0.6885116197130382
5.731483915616372 -2.8638673634296024 0 0.6062404067664888 -0.3008487204819657
3.6627743767508933 0.7209126764359528 0 0.016287419707713788 -0.012280470694369069
Infinity
3.0 3.0 0 0.0 0.0
7.106140476900795 10.759945704221073 0 -0.7997604217667068 0.6885116197130382
6.3377243223828605 -3.1647160839115682 0 0.6062404067664888 -0.3008487204819657
3.679061796458607 0.7086322057415837 0 0.016287419707713788 -0.012280470694369069
Infinity
3.0 3.0 0 0.0 0.0
6.306380055134088 11.448457323934111 0 0.7997604217667068 0.6885116197130382
6.943964729149349 -3.465564804393534 0 0.6062404067664888 -0.3008487204819657
3.6953492161663206 0.6963517350472146 0 0.016287419707713788 -0.012280470694369069
Infinity
3.0 3.0 0 0.0 0.0
7.106140476900795 12.13696894364715 0 -0.7997604217667068 0.6885116197130382
7.550205135915838 -3.7664135248755 0 0.6062404067664888 -0.3008487204819657
3.7116366358740343 0.6840712643528455 0 0.016287419707713788 -0.012280470694369069
Infinity
3.0 3.0 0 0.0 0.0
6.306380055134088 12.825480563360188 0 0.7997604217667068 0.6885116197130382
8.156445542682327 -4.067262245357465 0 0.6062404067664888 -0.3008487204819657
3.727924055581748 0.6717907936584764 0 0.016287419707713788 -0.012280470694369069
Infinity
3.0 3.0 0 0.0 0.0
7.106140476900795 13.513992183073226 0 -0.7997604217667068 0.6885116197130382
8.762685949448816 -4.368110965839431 0 0.6062404067664888 -0.3008487204819657
3.7442114752894615 0.6595103229641073 0 0.016287419707713788 -0.012280470694369069
Infinity
3.0 3.0 0 0.0 0.0
6.306380055134088 14.202503802786264 0 0.7997604217667068 0.6885116197130382
9.368926356215304 -4.668959686321397 0 0.6062404067664888 -0.3008487204819657
3.760498894997175 0.6472298522697382 0 0.016287419707713788 -0.012280470694369069
Infinity
3.0 3.0 0 0.0 0.0
7.106140476900795 14.891015422499303 0 -0.7997604217667068 0.6885116197130382
9.975166762981793 -4.969808406803363 0 0.6062404067664888 -0.3008487204819657
3.776786314704889 0.6349493815753691 0 0.016287419707713788 -0.012280470694369069
Infinity
3.0 3.0 0 0.0 0.0
6.306380055134088 15.57952704221234 0 0.7997604217667068 0.6885116197130382
10.581407169748282 -5.270657127285329 0 0.6062404067664888 -0.3008487204819657
3.7930737344126024 0.622668910881 0 0.016287419707713788 -0.012280470694369069
Infinity
3.0 3.0 0 0.0 0.0
7.106140476900795 16.268038661925377 0 -0.7997604217667068 0.6885116197130382
11.18764757651477 -5.571505847767295 0 0.6062404067664888 -0.3008487204819657
3.809361154120316 0.6103884401866309 0 0.016287419707713788 -0.012280470694369069
Infinity
3.0 3.0 0 0.0 0.0
6.306380055134088 16.956550281638414 0 0.7997604217667068 0.6885116197130382
11.793887983281259 -5.872354568249261 0 0.6062404067664888 -0.3008487204819657
3.8256485738280297 0.5981079694922617 0 0.016287419707713788 -0.012280470694369069
Infinity
3.0 3.0 0 0.0 0.0
7.106140476900795 17.64506190135145 0 -0.7997604217667068 0.6885116197130382
12.400128390047747 -6.1732032887312265 0 0.6062404067664888 -0.3008487204819657
3.8419359935357433 0.5858274987978926 0 0.016287419707713788 -0.012280470694369069
Infinity
3.0 3.0 0 0.0 0.0
6.306380055134088 18.333573521064487 0 0.7997604217667068 0.6885116197130382
13.006368796814236 -6.474052009213192 0 0.6062404067664888 -0.3008487204819657
3.858223413243457 0.5735470281035235 0 0.016287419707713788 -0.012280470694369069
Infinity
3.0 3.0 0 0.0 0.0
7.106140476900795 19.022085140777524 0 -0.7997604217667068 0.6885116197130382
13.612609203580725 -6.774900729695158 0 0.6062404067664888 -0.3008487204819657
3.8745108329511706 0.5612665574091544 0 0.016287419707713788 -0.012280470694369069
Infinity
3.0 3.0 0 0.0 0.0
6.306380055134088 19.71059676049056 0 0.7997604217667068 0.6885116197130382
14.218849610347213 -7.075749450177124 0 0.6062404067664888 -0.3008487204819657
3.8907982526588842 0.5489860867147853 0 0.016287419707713788 -0.012280470694369069
Infinity
3.0 3.0 0 0.0 0.0
7.106140476900795 20.399108380203597 0 -0.7997604217667068 0.6885116197130382
14.825090017113702 -7.37659817065909 0 0.6062404067664888 -0.3008487204819657
3.907085672366598 0.5367056160204162 0 0.016287419707713788 -0.012280470694369069
Infinity
3.0 3.0 0 0.0 0.0
6.306380055134088 21.087619999916633 0 0.7997604217667068 0.6885116197130382
15.43133042388019 -7.677446891141056 0 0.6062404067664888 -0.3008487204819657
3.9233730920743115 0.5244251453260471 0 0.016287419707713788 -0.012280470694369069
Infinity
3.0 3.0 0 0.0 0.0
7.106140476900795 21.77613161962967 0 -0.7997604217667068 0.6885116197130382
16.03757083064668 -7.978295611623022 0 0.6062404067664888 -0.3008487204819657
3.939660511782025 0.512144674631678 0 0.016287419707713788 -0.012280470694369069
Infinity
3.0 3.0 0 0.0 0.0
6.306380055134088 22.464643239342706 0 0.7997604217667068 0.6885116197130382
16.643811237413168 -8.279144332104988 0 0.6062404067664888 -0.3008487204819657
3.955947931489739 0.49986420393730896 0 0.016287419707713788 -0.012280470694369069
Infinity
3.0 3.0 0 0.0 0.0
7.106140476900795 23.153154859055743 0 -0.7997604217667068 0.6885116197130382
17.250051644179656 -8.579993052586953 0 0.6062404067664888 -0.3008487204819657
3.9722353511974524 0.4875837332429399 0 0.016287419707713788 -0.012280470694369069
Infinity
3.0 3.0 0 0.0 0.0
6.306380055134088 23.84166647876878 0 0.7997604217667068 0.6885116197130382
17.856292050946145 -8.88084177306892 0 0.6062404067664888 -0.3008487204819657
3.988522770905166 0.47530326254857086 0 0.016287419707713788 -0.012280470694369069
Infinity
3.0 3.0 0 0.0 0.0
7.106140476900795 24.530178098481816 0 -0.7997604217667068 0.6885116197130382
18.462532457712634 -9.181690493550885 0 0.6062404067664888 -0.3008487204819657
4.00481019061288 0.4630227918542018 0 0.016287419707713788 -0.012280470694369069
Infinity
3.0 3.0 0 0.0 0.0
6.306380055134088 25.218689718194852 0 0.7997604217667068 0.6885116197130382
19.068772864479122 -9.482539214032851 0 0.6062404067664888 -0.3008487204819657
4.021097610320594 0.45074232115983276 0 0.016287419707713788 -0.012280470694369069
Infinity
3.0 3.0 0 0.0 0.0
7.106140476900795 25.90720133790789 0 -0.7997604217667068 0.6885116197130382
19.67501327124561 -9.783387934514817 0 0.6062404067664888 -0.3008487204819657
4.037385030028308 0.4384618504654637 0 0.016287419707713788 -0.012280470694369069
Infinity
3.0 3.0 0 0.0 0.0
6.306380055134088 26.595712957620925 0 0.7997604217667068 0.6885116197130382
20.2812536780121 -10.084236654996783 0 0.6062404067664888 -0.3008487204819657
4.053672449736022 0.42618137977109466 0 0.016287419707713788 -0.012280470694369069
Infinity
3.0 3.0 0 0.0 0.0
7.106140476900795 27.284224577333962 0 -0.7997604217667068 0.6885116197130382
20.887494084778588 -10.385085375478749 0 0.6062404067664888 -0.3008487204819657
4.0699598694437364 0.4139009090767256 0 0.016287419707713788 -0.012280470694369069
Infinity
3.0 3.0 0 0.0 0.0
6.306380055134088 27.972736197047 0 0.7997604217667068 0.6885116197130382
21.493734491545077 -10.685934095960715 0 0.6062404067664888 -0.3008487204819657
4.0862472891514505 0.40162043838235656 0 0.016287419707713788 -0.012280470694369069
Infinity
3.0 3.0 0 0.0 0.0
7.106140476900795 28.661247816760035 0 -0.7997604217667068 0.6885116197130382
22.099974898311565 -10.98678281644268 0 0.6062404067664888 -0.3008487204819657
4.102534708859165 0.3893399676879875 0 0.016287419707713788 -0.012280470694369069
Infinity
3.0 3.0 0 0.0 0.0
6.306380055134088 29.34975943647307 0 0.7997604217667068 0.6885116197130382
22.706215305078054 -11.287631536924646 0 0.6062404067664888 -0.3008487204819657
4.118822128566879 0.37705949699361846 0 0.016287419707713788 -0.012280470694369069
Infinity
3.0 3.0 0 0.0 0.0
7.106140476900795 30.038271056186108 0 -0.7997604217667068 0.6885116197130382
23.312455711844542 -11.588480257406612 0 0.6062404067664888 -0.3008487204819657
4.135109548274593 0.3647790262992494 0 0.016287419707713788 -0.012280470694369069
Infinity
3.0 3.0 0 0.0 0.0
6.306380055134088 30.726782675899145 0 0.7997604217667068 0.6885116197130382
23.91869611861103 -11.889328977888578 0 0.6062404067664888 -0.3008487204819657
4.151396967982307 0.35249855560488036 0 0.016287419707713788 -0.012280470694369069
Infinity
3.0 3.0 0 0.0 0.0
7.106140476900795 31.41529429561218 0 -0.7997604217667068 0.6885116197130382
24.52493652537752 -12.190177698370544 0 0.6062404067664888 -0.3008487204819657
4.167684387690021 0.3402180849105113 0 0.016287419707713788 -0.012280470694369069
Infinity
3.0 3.0 0 0.0 0.0
6.306380055134088 32.10380591532522 0 0.7997604217667068 0.6885116197130382
25.131176932144008 -12.49102641885251 0 0.6062404067664888 -0.3008487204819657
4.183971807397735 0.32793761421614226 0 0.016287419707713788 -0.012280470694369069
Infinity
3.0 3.0 0 0.0 0.0
7.106140476900795 32.79231753503826 0 -0.7997604217667068 0.6885116197130382
25.737417338910497 -12.791875139334476 0 0.6062404067664888 -0.3008487204819657
4.200259227105449 0.3156571435217732 0 0.016287419707713788 -0.012280470694369069
Infinity
3.0 3.0 0 0.0 0.0
6.306380055134088 33.4808291547513 0 0.7997604217667068 0.6885116197130382
26.343657745676985 -13.092723859816441 0 0.6062404067664888 -0.3008487204819657
4.216546646813163 0.30337667282740416 0 0.016287419707713788 -0.012280470694369069
Infinity
3.0 3.0 0 0.0 0.0
7.106140476900795 34.16934077446434 0 -0.7997604217667068 0.6885116197130382
26.949898152443474 -13.393572580298407 0 0.6062404067664888 -0.3008487204819657
4.232834066520877 0.2910962021330351 0 0.016287419707713788 -0.012280470694369069
Infinity
3.0 3.0 0 0.0 0.0
6.306380055134088 34.85785239417738 0 0.7997604217667068 0.6885116197130382
27.556138559209963 -13.694421300780373 0 0.6062404067664888 -0.3008487204819657
4.249121486228591 0.27881573143866606 0 0.016287419707713788 -0.012280470694369069
Infinity
3.0 3.0 0 0.0 0.0
7.106140476900795 35.54636401389042 0 -0.7997604217667068 0.6885116197130382
28.16237896597645 -13.995270021262339 0 0.6062404067664888 -0.3008487204819657
4.265408905936305 0.266535260744297 0 0.016287419707713788 -0.012280470694369069
Infinity
3.0 3.0 0 0.0 0.0
6.306380055134088 36.23487563360346 0 0.7997604217667068 0.6885116197130382
28.76861937274294 -14.296118741744305 0 0.6062404067664888 -0.3008487204819657
4.2816963256440195 0.25425479004992796 0 0.016287419707713788 -0.012280470694369069
Infinity
3.0 3.0 0 0.0 0.0
7.106140476900795 36.9233872533165 0 -0.7997604217667068 0.6885116197130382
29.37485977950943 -14.59696746222627 0 0.6062404067664888 -0.3008487204819657
4.2979837453517336 0.24197431935555888 0 0.016287419707713788 -0.012280470694369069
Infinity
3.0 3.0 0 0.0 0.0
6.306380055134088 37.61189887302954 0 0.7997604217667068 0.6885116197130382
29.981100186275917 -14.897816182708237 0 0.6062404067664888 -0.3008487204819657
4.314271165059448 0.2296938486611898 0 0.016287419707713788 -0.012280470694369069
Infinity
3.0 3.0 0 0.0 0.0
7.106140476900795 38.30041049274258 0 -0.7997604217667068 0.6885116197130382
30.587340593042406 -15.198664903190203 0 0.6062404067664888 -0.3008487204819657
4.330558584767162 0.21741337796682073 0 0.016287419707713788 -0.012280470694369069
Infinity
3.0 3.0 0 0.0 0.0
6.306380055134088 38.98892211245562 0 0.7997604217667068 0.6885116197130382
31.193580999808894 -15.499513623672168 0 0.6062404067664888 -0.3008487204819657
4.346846004474876 0.20513290727245165 0 0.016287419707713788 -0.012280470694369069
Infinity
3.0 3.0 0 0.0 0.0
7.106140476900795 39.67743373216866 0 -0.7997604217667068 0.6885116197130382
31.799821406575383 -15.800362344154134 0 0.6062404067664888 -0.3008487204819657
4.36313342418259 0.19285243657808257 0 0.016287419707713788 -0.012280470694369069
Infinity
3.0 3.0 0 0.0 0.0
6.306380055134088 40.3659453518817 0 0.7997604217667068 0.6885116197130382
32.40606181334187 -16.1012110646361 0 0.6062404067664888 -0.3008487204819657
4.379420843890304 0.1805719658837135 0 0.016287419707713788 -0.012280470694369069
Infinity
3.0 3.0 0 0.0 0.0
7.106140476900795 41.05445697159474 0 -0.7997604217667068 0.6885116197130382
33.01230222010836 -16.402059785118066 0 0.6062404067664888 -0.3008487204819657
4.395708263598018 0.16829149518934441 0 0.016287419707713788 -0.012280470694369069
Infinity
3.0 3.0 0 0.0 0.0
6.306380055134088 41.74296859130778 0 0.7997604217667068 0.6885116197130382
33.61854262687485 -16.702908505600032 0 0.6062404067664888 -0.3008487204819657
4.411995683305732 0.15601102449497534 0 0.016287419707713788 -0.012280470694369069
Infinity
3.0 3.0 0 0.0 0.0
7.106140476900795 42.43148021102082 0 -0.7997604217667068 0.6885116197130382
34.22478303364134 -17.003757226081998 0 0.6062404067664888 -0.3008487204819657
4.428283103013446 0.14373055380060626 0 0.016287419707713788 -0.012280470694369069
Infinity
3.0 3.0 0 0.0 0.0
6.306380055134088 43.11999183073386 0 0.7997604217667068 0.6885116197130382
34.831023440407826 -17.304605946563964 0 0.6062404067664888 -0.3008487204819657
4.44457052272116 0.13145008310623718 0 0.016287419707713788 -0.012280470694369069
Infinity
3.0 3.0 0 0.0 0.0
7.106140476900795 43.8085034504469 0 -0.7997604217667068 0.6885116197130382
35.437263847174314 -17.60545466704593 0 0.6062404067664888 -0.3008487204819657
4.460857942428874 0.11916961241186812 0 0.016287419707713788 -0.012280470694369069
Infinity
3.0 3.0 0 0.0 0.0
6.306380055134088 44.49701507015994 0 0.7997604217667068 0.6885116197130382
36.0435042539408 -17.906303387527895 0 0.6062404067664888 -0.3008487204819657
4.477145362136588 0.10688914171749905 0 0.016287419707713788 -0.012280470694369069
Infinity
3.0 3.0 0 0.0 0.0
7.106140476900795 45.18552668987298 0 -0.7997604217667068 0.6885116197130382
36.64974466070729 -18.20715210800986 0 0.6062404067664888 -0.3008487204819657
4.4934327818443025 0.09460867102312999 0 0.016287419707713788 -0.012280470694369069
Infinity
3.0 3.0 0 0.0 0.0
6.306380055134088 45.87403830958602 0 0.7997604217667068 0.6885116197130382
37.25598506747378 -18.508000828491827 0 0.6062404067664888 -0.3008487204819657
4.509720201552017 0.08232820032876093 0 0.016287419707713788 -0.012280470694369069
Infinity
3.0 3.0 0 0.0 0.0
7.106140476900795 46.56254992929906 0 -0.7997604217667068 0.6885116197130382
37.86222547424027 -18.808849548973793 0 0.6062404067664888 -0.3008487204819657
4.526007621259731 0.07004772963439186 0 0.016287419707713788 -0.012280470694369069
Infinity
3.0 3.0 0 0.0 0.0
6.306380055134088 47.2510615490121 0 0.7997604217667068 0.6885116197130382
38.46846588100676 -19.10969826945576 0 0.6062404067664888 -0.3008487204819657
4.542295040967445 0.05776725894002279 0 0.016287419707713788 -0.012280470694369069
Infinity
3.0 3.0 0 0.0 0.0
7.106140476900795 47.93957316872514 0 -0.7997604217667068 0.6885116197130382
39.074706287773246 -19.410546989937725 0 0.6062404067664888 -0.3008487204819657
4.558582460675159 0.04548678824565372 0 0.016287419707713788 -0.012280470694369069
Infinity
3.0 3.0 0 0.0 0.0
6.306380055134088 48.62808478843818 0 0.7997604217667068 0.6885116197130382
39.680946694539735 -19.71139571041969 0 0.6062404067664888 -0.3008487204819657
4.574869880382873 0.03320631755128465 0 0.016287419707713788 -0.012280470694369069
Infinity
3.0 3.0 0 0.0 0.0
7.106140476900795 49.31659640815122 0 -0.7997604217667068 0.6885116197130382
40.28718710130622 -20.012244430901657 0 0.6062404067664888 -0.3008487204819657
4.591157300090587 0.020925846856915578 0 0.016287419707713788 -0.012280470694369069
Infinity
3.0 3.0 0 0.0 0.0
6.306380055134088 50.00510802786426 0 0.7997604217667068 0.6885116197130382
40.89342750807271 -20.313093151383622 0 0.6062404067664888 -0.3008487204819657
4.607444719798301 0.008645376162546509 0 0.016287419707713788 -0.012280470694369069
Infinity
3.0 3.0 0 0.0 0.0
7.106140476900795 50.6936196475773 0 -0.7997604217667068 0.6885116197130382
41.4996679148392 -20.61394187186559 0 0.6062404067664888 -0.3008487204819657
4.623732139506015 -0.00363509453182256 0 0.016287419707713788 -0.012280470694369069
Infinity
3.0 3.0 0 0.0 0.0
6.306380055134088 51.38213126729034 0 0.7997604217667068 0.6885116197130382
42.10590832160569 -20.914790592347554 0 0.6062404067664888 -0.3008487204819657
4.640019559213729 -0.015915565226191628 0 0.016287419707713788 -0.012280470694369069
Infinity
3.0 3.0 0 0.0 0.0
7.106140476900795 52.07064288700338 0 -0.7997604217667068 0.6885116197130382
42.71214872837218 -21.21563931282952 0 0.6062404067664888 -0.3008487204819657
4.656306978921443 -0.0281960359205607 0 0.016287419707713788 -0.012280470694369069
Infinity
3.0 3.0 0 0.0 0.0
6.306380055134088 52.75915450671642 0 0.7997604217667068 0.6885116197130382
43.318389135138666 -21.516488033311486 0 0.6062404067664888 -0.3008487204819657
4.672594398629157 -0.04047650661492977 0 0.016287419707713788 -0.012280470694369069
Infinity
3.0 3.0 0 0.0 0.0
7.106140476900795 53.44766612642946 0 -0.7997604217667068 0.6885116197130382
43.924629541905155 -21.81733675379345 0 0.6062404067664888 -0.3008487204819657
4.6888818183368715 -0.05275697730929884 0 0.016287419707713788 -0.012280470694369069
Infinity
3.0 3.0 0 0.0 0.0
6.306380055134088 54.1361777461425 0 0.7997604217667068 0.6885116197130382
44.53086994867164 -22.118185474275418 0 0.6062404067664888 -0.3008487204819657
4.7051692380445855 -0.06503744800366791 0 0.016287419707713788 -0.012280470694369069
Infinity
3.0 3.0 0 0.0 0.0
7.106140476900795 54.82468936585554 0 -0.7997604217667068 0.6885116197130382
45.13711035543813 -22.419034194757383 0 0.6062404067664888 -0.3008487204819657
4.7214566577523 -0.07731791869803697 0 0.016287419707713788 -0.012280470694369069
Infinity
3.0 3.0 0 0.0 0.0
6.306380055134088 55.51320098556858 0 0.7997604217667068 0.6885116197130382
45.74335076220462 -22.71988291523935 0 0.6062404067664888 -0.3008487204819657
4.737744077460014 -0.08959838939240604 0 0.016287419707713788 -0.012280470694369069
Infinity
3.0 3.0 0 0.0 0.0
7.106140476900795 56.20171260528162 0 -0.7997604217667068 0.6885116197130382
46.34959116897111 -23.020731635721315 0 0.6062404067664888 -0.3008487204819657
4.754031497167728 -0.1018788600867751 0 0.016287419707713788 -0.012280470694369069
Infinity
3.0 3.0 0 0.0 0.0
6.306380055134088 56.89022422499466 0 0.7997604217667068 0.6885116197130382
46.9558315757376 -23.32158035620328 0 0.6062404067664888 -0.3008487204819657
4.770318916875442 -0.11415933078114417 0 0.016287419707713788 -0.012280470694369069
Infinity
3.0 3.0 0 0.0 0.0
7.106140476900795 57.5787358447077 0 -0.7997604217667068 0.6885116197130382
47.56207198250409 -23.622429076685247 0 0.6062404067664888 -0.3008487204819657
4.786606336583156 -0.12643980147551323 0 0.016287419707713788 -0.012280470694369069
Infinity
3.0 3.0 0 0.0 0.0
6.306380055134088 58.26724746442074 0 0.7997604217667068 0.6885116197130382
48.168312389270575 -23.923277797167213 0 0.6062404067664888 -0.3008487204819657
4.80289375629087 -0.1387202721698823 0 0.016287419707713788 -0.012280470694369069
Infinity
3.0 3.0 0 0.0 0.0
7.106140476900795 58.95575908413378 0 -0.7997604217667068 0.6885116197130382
48.774552796037064 -24.22412651764918 0 0.6062404067664888 -0.3008487204819657
4.819181175998584 -0.15100074286425139 0 0.016287419707713788 -0.012280470694369069
Infinity
3.0 3.0 0 0.0 0.0
6.306380055134088 59.64427070384682 0 0.7997604217667068 0.6885116197130382
49.38079320280355 -24.524975238131145 0 0.6062404067664888 -0.3008487204819657
4.835468595706298 -0.16328121355862046 0 0.016287419707713788 -0.012280470694369069
Infinity
3.0 3.0 0 0.0 0.0
7.106140476900795 60.33278232355986 0 -0.7997604217667068 0.6885116197130382
49.98703360957004 -24.82582395861311 0 0.6062404067664888 -0.3008487204819657
4.851756015414012 -0.17556168425298954 0 0.016287419707713788 -0.012280470694369069
Infinity
3.0 3.0 0 0.0 0.0
6.306380055134088 61.0212939432729 0 0.7997604217667068 0.6885116197130382
50.59327401633653 -25.126672679095076 0 0.6062404067664888 -0.3008487204819657
4.868043435121726 -0.18784215494735862 0 0.016287419707713788 -0.012280470694369069
Infinity
3.0 3.0 0 0.0 0.0
7.106140476900795 61.70980556298594 0 -0.7997604217667068 0.6885116197130382
51.19951442310302 -25.427521399577042 0 0.6062404067664888 -0.3008487204819657
4.88433085482944 -0.2001226256417277 0 0.016287419707713788 -0.012280470694369069
Infinity
3.0 3.0 0 0.0 0.0
6.306380055134088 62.39831718269898 0 0.7997604217667068 0.6885116197130382
51.80575482986951 -25.728370120059008 0 0.6062404067664888 -0.3008487204819657
4.9006182745371545 -0.21240309633609677 0 0.016287419707713788 -0.012280470694369069
Infinity
3.0 3.0 0 0.0 0.0
7.106140476900795 63.08682880241202 0 -0.7997604217667068 0.6885116197130382
52.411995236635995 -26.029218840540974 0 0.6062404067664888 -0.3008487204819657
4.916905694244869 -0.22468356703046585 0 0.016287419707713788 -0.012280470694369069
Infinity
3.0 3.0 0 0.0 0.0
6.306380055134088 63.77534042212506 0 0.7997604217667068 0.6885116197130382
53.018235643402484 -26.33006756102294 0 0.6062404067664888 -0.3008487204819657
4.933193113952583 -0.23696403772483493 0 0.016287419707713788 -0.012280470694369069
Infinity
3.0 3.0 0 0.0 0.0
7.106140476900795 64.4638520418381 0 -0.7997604217667068 0.6885116197130382
53.62447605016897 -26.630916281504906 0 0.6062404067664888 -0.3008487204819657
4.949480533660297 -0.249244508419204 0 0.016287419707713788 -0.012280470694369069
Infinity
3.0 3.0 0 0.0 0.0
6.306380055134088 65.15236366155114 0 0.7997604217667068 0.6885116197130382
54.23071645693546 -26.93176500198687 0 0.6062404067664888 -0.3008487204819657
4.965767953368011 -0.2615249791135731 0 0.016287419707713788 -0.012280470694369069
Infinity
3.0 3.0 0 0.0 0.0
7.106140476900795 65.84087528126418 0 -0.7997604217667068 0.6885116197130382
54.83695686370195 -27.232613722468837 0 0.6062404067664888 -0.3008487204819657
4.982055373075725 -0.27380544980794214 0 0.016287419707713788 -0.012280470694369069
Infinity
3.0 3.0 0 0.0 0.0
6.306380055134088 66.52938690097722 0 0.7997604217667068 0.6885116197130382
55.44319727046844 -27.533462442950803 0 0.6062404067664888 -0.3008487204819657
4.998342792783439 -0.2860859205023112 0 0.016287419707713788 -0.012280470694369069
Infinity
3.0 3.0 0 0.0 0.0
7.106140476900795 67.21789852069026 0 -0.7997604217667068 0.6885116197130382
56.04943767723493 -27.83431116343277 0 0.6062404067664888 -0.3008487204819657
5.014630212491153 -0.29836639119668024 0 0.016287419707713788 -0.012280470694369069
Infinity
3.0 3.0 0 0.0 0.0
6.306380055134088 67.9064101404033 0 0.7997604217667068 0.6885116197130382
56.655678084001416 -28.135159883914735 0 0.6062404067664888 -0.3008487204819657
5.030917632198867 -0.3106468618910493 0 0.016287419707713788 -0.012280470694369069
Infinity
3.0 3.0 0 0.0 0.0
7.106140476900795 68.59492176011634 0 -0.7997604217667068 0.6885116197130382
57.261918490767904 -28.4360086043967 0 0.6062404067664888 -0.3008487204819657
5.047205051906581 -0.32292733258541834 0 0.016287419707713788 -0.012280470694369069
Infinity
3.0 3.0 0 0.0 0.0
6.306380055134088 69.28343337982938 0 0.7997604217667068 0.6885116197130382
57.86815889753439 -28.736857324878667 0 0.6062404067664888 -0.3008487204819657
5.063492471614295 -0.3352078032797874 0 0.016287419707713788 -0.012280470694369069
Infinity
3.0 3.0 0 0.0 0.0
7.106140476900795 69.97194499954242 0 -0.7997604217667068 0.6885116197130382
58.47439930430088 -29.037706045360633 0 0.6062404067664888 -0.3008487204819657
5.079779891322009 -0.34748827397415644 0 0.016287419707713788 -0.012280470694369069
