0
6.313542459428793 9.215412270386413
9.754712902962838 1.5298342836486056
3.985722886352322 8.451477084887465
2.936477709510199 8.619925255370902
1.551466700112828 5.987752637684758
4.79154018718999 8.925350898353914
4.403780965105259 6.510863944499788
4.853581713827619 0.8208045296281696
7.728160765569486 0.3613441191040634
4.068132355240555 9.728477875608654
2.654629634215384 0.5046162270586985
0.21646446239380723 1.6113124427389147
4.537761477835027 5.915619006356735
1.8789906592146155 6.815849990260412
0.685789245308035 5.3116111647042965
2.0916256353912575 3.9825229518475047
4.411595290905698 7.447442718998136
0.8985880697556092 2.8241402457324307
6.936756799181374 4.497381303060743
6.331145273812906 5.427659096141767
