0
6.9801365884934015 44.85660009656577
13.103619988954772 18.37639587856714
52.567308129639336 31.765061176084565
99.13109345748394 9.656368300491325
96.2394762986743 69.56698983014942
54.73630792919108 66.55473728755574
78.81472992025142 46.359284064336634
6.590827777970065 66.76977470175287
98.71068288320235 60.33765714527547
79.47242381898326 93.00111097495592
13.165421378038978 21.878408630613265
92.81041484887156 86.96855547479666
7.45154958784815 16.636779916430523
36.00130549654982 35.939336772163685
35.34739360947715 36.466762041313025
86.19577452086139 72.60907915551246
21.93172060306525 84.58723193591449
52.673732744918155 24.248082235707113
95.46830170525213 19.1358139921323
46.94840723755185 34.51769067774288
47.42658854418931 69.87716221016467
23.41157213073959 50.065107612687534
42.41250102164046 72.89007108356302
49.114344181012704 65.13213248772351
52.57310166226643 91.45595816394447
10.42548143876746 17.673024771959
25.36827115022715 27.866551178141474
45.47291065503182 71.29695741935508
39.10116340411663 99.95630443058755
97.24815125660766 53.75667817119083
62.43498949213914 10.598439673994232
54.01710603179626 27.15409281153345
47.062359467596835 4.930136944792574
75.00539266746429 3.196557683814172
84.114474459991 73.63638608253285
96.18687489671575 61.41144047576768
3.225622186503263 43.81196653463878
63.688690459840316 89.2703999885454
4.81419783767405 86.96902692242976
28.889558668586655 99.87638400135566
39.83979457456689 39.521114029252615
42.30058151270308 84.01925520944367
64.40994731193031 73.6312694745164
73.25782656278538 90.86996306742276
74.33171002656307 61.842061300342635
62.53831734182403 6.267361598574672
88.66177719888005 88.30113019344729
32.35646485841173 1.1266555608443474
52.802192546733274 35.45008273318479
65.13577745984108 8.799320831268764
97.92844677204926 84.33127744729016
78.56874303895967 92.84720595268428
63.494224734063366 56.65801542417835
28.035998914450833 8.829266012628567
66.8673571855917 1.7364744345710559
37.6914683713415 76.19707001586207
0.30270928529014807 83.28464391294155
48.275777633195716 54.44046560023475
16.699674949708733 76.50451903692148
94.47043856936135 95.76653717160727
37.373527413307194 27.286128872672233
90.65751475097528 4.125125085950598
42.81488089191387 83.87961379555422
13.061237368768541 94.96250911502337
99.1175427276562 12.280424596302385
4.970228058574611 21.88156235352897
28.415989817314326 3.0446063433521076
21.264567824787495 26.72763585699022
56.502835494511594 55.40653196273314
92.48128973773933 35.70088571153526
74.81117594050852 2.918986808463042
4.3105540773213935 30.07931005634924
29.844414965690813 98.5739300107699
88.83654285992681 95.71363755622195
94.31506897453829 97.41080643289838
1.6687532107970693 32.31858578449924
91.34226066593118 29.503669971857814
13.758273360534279 12.934080098663902
89.56581214122404 85.77036588423387
89.20209653415513 16.22589743664443
34.25694296249614 74.45656904545834
38.83166056660791 94.66217425390768
13.24480440464395 5.596474246511773
68.9721357082875 49.097019015294826
89.11361023735765 71.63418476904123
69.52394478498296 16.636850267234983
15.214846266148928 90.93845138796934
3.867875322742098 21.931327139901647
57.23687878863103 5.645668875168552
13.857974373421811 71.80274645230048
57.59727513690017 82.37370533425334
97.99336259612208 19.622903897930843
76.42250365853535 75.61465155989583
99.27532356435961 5.889844293219493
93.94988471993753 71.60342673436358
13.626006578116822 26.198705722357797
72.70029779256717 33.82993863237018
42.756142223755056 38.6237687624558
61.58519123963539 74.96963781586376
45.02431194571728 52.01512670278474
