0
75.14568196054718 28.845134234727578
51.473440763455805 51.9157484906677
59.759895121459635 53.41446144503988
14.66018364196431 59.112081911862546
64.57219328026349 97.57506874636938
80.39935662921279 97.67031013371317
50.91654431456352 71.05486192928598
7.376026110381295 92.4638180471967
52.78629178511789 39.897365955071415
99.3492401993075 11.171730496249154
8.686039004726043 3.3557729956587345
52.56912539376458 8.08615983466443
10.031121108232355 89.41934103976982
75.03288548961783 42.89187170819678
62.818950950871944 92.20808394479411
54.423266143387536 63.62505450503579
4.187560581733829 89.61665393381199
53.701709707839605 35.41475276739799
89.10989582351554 22.068259544629576
31.77952835799598 10.546068153817368
70.24927125196962 80.13785309410595
74.66711338440508 38.07466740164017
37.92075760017563 86.20072019787743
42.09055397769862 65.64344747412852
8.012784341391143 36.74198171136417
96.68682710920382 26.652254847972966
41.89471112512726 30.731373091721657
25.472834136605947 85.61702261345705
69.5417018278104 49.40037002420908
92.39801286562971 69.2095729842394
80.31806667318253 25.544648107960356
40.56953924999941 82.59600617181013
71.72613055906069 31.464548145343073
29.5704756720372 76.03797453646912
42.58924833639287 58.65716400585379
53.17688156398932 1.2243333365249187
23.19474019113872 94.21675864853644
22.959922803075106 73.89893494395965
9.027379271414727 24.12881233729054
81.86474301072484 81.83248023333434
14.568391431707239 28.49733329474924
24.44635290070404 94.83457023779746
76.72888148241874 32.87214686345271
62.07499474594671 88.51633815045459
32.05470755826545 88.91771206315472
47.646282724528454 67.47676808042318
17.30008083912338 99.00650774532166
44.00272047060915 83.8313741657956
27.111700994991118 76.15147561206703
72.81793896719142 24.667117281524753
58.61076875083534 6.681037248350097
72.12804738062225 93.4444016637617
66.33097228456361 55.249433880947706
78.75936081421709 95.04157394992122
27.0071826752639 1.4284316424442722
42.840944394985804 35.33568381458614
76.5675986735788 80.62740567507244
92.25401170321226 89.65372505213428
33.331858467608434 46.94352715121908
15.889888214143433 99.89068360927521
56.96605154072769 69.45807478032485
4.839793169231732 36.950726241827844
90.06824366921312 1.9460862490610742
94.6290450746536 63.799778777266766
53.96222780021984 37.45491720825957
38.06801148691097 40.682997467642934
85.25785769595284 40.54504175529385
87.24795552436824 18.28115240341406
61.31015287940428 99.9557947244689
50.67951841086057 2.816851031394052
74.35020065503817 98.70649140515978
51.29218726826187 4.527452582501191
30.025348180498533 0.03468941413015125
42.90387874455824 58.30474419303783
49.63599444572823 64.10264109629952
72.84894512514315 22.428087650247164
43.16877799521107 78.38667955203125
61.94056817045749 6.985054942844338
80.51008934797143 20.626113738099296
83.40825377522664 28.952264850816732
78.5109827188095 69.4040997385519
58.496357022222924 59.931076998104594
67.04954323409655 51.84957321743008
84.55885903146314 11.321691930475254
41.775052581374396 0.7197101705994746
79.06739177829849 36.01778037889726
40.01341658655348 21.907582024828397
6.065842245725195 15.266069779848978
69.07998247642466 53.47610319915115
50.47361624272063 8.442071425795483
28.01975526256465 52.47599900848845
67.82631134372835 44.05517231922802
72.17438449656271 52.358925570642576
87.42117817386867 7.163122876976724
67.44897797861272 91.37227303984409
69.44597807029184 60.462618232662614
42.802874187725536 5.972990353816899
44.78356073734871 35.306916816716615
50.88781111057713 39.23838243536597
86.60223648511509 72.03247607695718
72.89993143017468 59.963470043279
46.861947850468546 0.06337595301670884
27.723248121817768 44.763159277407595
67.46092172733071 45.99626849397313
24.67521233582579 16.154825084186164
10.566594964325892 62.09134850557576
81.91216179472167 16.80081230542063
35.134200338655845 62.946515277556934
54.29556461053417 2.045318283050679
46.58883429285478 8.164190068933197
14.882639846615175 36.89581279863303
92.7109163774614 59.33211197048356
27.764851530285007 73.1515558736372
18.09373734070808 88.40817920552979
90.7426707440346 99.97740585335748
51.415321324563934 39.427228481539586
98.35504061065808 76.41330030202127
16.375071158441166 39.88213290185756
66.57598603669524 1.5122520860558764
19.469490180556114 29.608335206198255
49.542134287194436 27.807471544425777
56.34251626170076 56.475225945073035
38.23503738387251 83.94944798268403
59.06110730037318 85.65257458174193
16.32961977192331 97.97301339929903
11.439415607093606 60.156713162716436
29.3518611269479 34.83059145067065
32.527719701628335 92.8649482800775
1.5962189015522932 8.019293466802646
33.867972991725125 16.26392537665673
71.85551605964932 12.835002244577753
46.93425359288963 52.27874355716213
44.983970903442625 72.00778665973495
9.822283657461506 10.816246248580796
96.48562899608251 19.402131573525892
62.36921741612665 50.180863005139486
95.06884035336796 80.47395902699925
17.904343341686413 95.88312698043757
23.931737689587727 28.59460316558128
29.964192716493553 67.12092365090447
31.14636810293416 69.92716032408492
21.432668936925957 68.9883825771052
63.705966815975 39.25050277268187
56.34751712853788 1.6497799665222024
33.722243297597466 94.10895576487923
12.113251009981163 49.20567372822023
44.395125048761116 14.874044561827393
13.342845913119472 1.2789835311347253
36.45456515879716 46.40865752273208
90.21205381862868 26.298164966586167
67.64606808595059 3.2622929040212467
43.624391079308566 11.291944932721776
16.240659099931833 71.41011752392089
30.61625591108319 84.6151601105029
82.61491642428331 10.887532364713447
57.33897844108955 62.604346884233955
88.3558096658012 40.21903012726686
20.578140265157018 65.32807003446504
26.01349482512133 2.926920154495438
19.19420808928063 2.5313776564028556
1.1553424202041196 74.25575012251069
33.40559720585895 14.009102444439826
84.90389667776893 67.56605767537408
21.128950759885946 36.92511415566917
28.67140724405195 15.004618852994621
67.88513397244313 44.32045587202262
86.17763030866683 97.35731080365736
89.58671249409217 11.38042530036123
25.07706265704347 55.61389118260116
0.08422900693181301 99.71060359334155
87.06597854725851 5.726851946074607
67.29942555642286 89.3107677867708
89.68180906547484 45.929633288993465
32.45607942752644 36.307583815197034
98.73921893435069 39.47253713830203
10.398181622128021 56.56446180029884
96.6077297258265 85.4287451272964
25.378862462152274 94.08591114733915
10.930006991011076 44.981093595211696
85.35378409505094 82.4066152146266
69.47766767547107 52.06221719485787
21.9523951683816 53.719200673620406
35.05851351234127 86.54376968663469
94.11383107395666 60.88895019188971
95.95410598339681 78.57088514805464
58.12911670387538 9.604196219241
29.346694579436317 84.86625460662577
67.48155485826068 29.26957742664188
22.07229140671545 15.215473781112031
33.765357583749854 5.843361247173695
31.80436501902114 82.94632726964744
50.39450811915878 66.64662447261965
71.77775782606649 82.82990396039386
16.726705024785094 64.19319581967667
25.677876092999586 87.10339802759663
74.52846049804046 45.63872230019225
46.74015952361283 61.83144227065603
34.69031680747208 5.857578829634469
28.023831235743046 81.84622533421174
31.540484567200522 52.09989775580117
35.56812897224007 14.635000361728622
1.1305794449877449 70.67958797723489
1.3542528349294813 31.350979287507165
26.83144337879362 99.26734333316516
2.0397792067633036 9.367738613613664
16.16017163849267 11.763266949027996
6.928470946312926 98.23435076968586
95.14419469121121 84.11924937608488
72.13874958645413 35.993844347502844
75.64784118487789 26.183779409014175
94.62339767185364 39.02570273363158
98.8153236858283 9.937159404409579
45.62653509460451 93.72906097219933
32.28873751152426 96.06169565203139
22.984326285594214 8.753868959070864
84.19752906140194 36.193982700603215
42.449146296465514 29.188128485353026
11.153555062570685 97.06939092722443
6.653710457646255 75.98726632027932
77.94577371525112 44.69789044358299
1.4990286411253773 41.50752249508641
94.46670467666578 10.229657753121025
64.77335678601482 68.10084467298216
53.00248709416331 55.55678742612463
25.5622582876729 83.76022563735081
87.23539016211377 99.15282814761008
51.74134674601275 91.81393761442129
9.38607755017048 32.24973558997348
44.4561675067274 91.3972693690308
94.01978714281191 43.33958846938637
30.28266000627876 91.27828880680464
85.35971326766418 93.1329746307372
22.842365981770886 84.31293629961095
24.837030404947726 80.98742699798774
27.349078352738644 17.709357412197967
74.46027824906531 57.5988368515752
33.199461300289954 17.171504348642628
76.40105317578748 58.97017550229412
1.8540455500688946 70.74756663063692
37.979709700194185 73.61755322974054
34.67327433939859 95.12125425333717
22.355921096984865 63.0294219529397
0.9534431930595444 77.16911395368045
20.012693614495024 65.90075688163243
99.39069134552977 18.577529858523633
12.029672561541748 90.37340050350997
6.310991072215277 1.2354874602394927
57.54667368527395 64.38488791360001
98.46222180475354 17.62317041377075
24.72432515966596 82.9011423143152
61.46837053136191 65.83474619419403
18.077988943900756 89.56742873929473
2.584896415498217 17.065167834296712
10.63616822211002 6.087196229266034
13.460414099449647 66.90839926914643
9.243975696630102 18.98133645902149
27.13720111981688 31.835794256828265
52.5462720726737 11.76769681302493
95.56213459495578 48.300528264863715
7.724358293514777 0.4012479764637811
6.994757083029201 75.13902246299192
26.414832061856288 3.373289741917729
54.165689017284976 91.39596160676349
68.07341431668364 98.17490754798764
49.75479663647652 24.548722762920615
25.933611268464784 54.387898143165316
1.9422814635215557 37.12376161062723
1.0653396253796354 22.78957229233476
28.40751904064468 79.32390885811573
28.42145938844314 89.16837085384323
46.18968413260518 25.430014891252494
95.74503579059217 97.93054823966726
70.31076327337243 83.4105226627383
64.44587449266828 25.037599225578568
30.98698220618765 19.858209838965823
43.643923598264934 75.52730112958247
30.40100235831624 44.57104425504744
88.19665021262072 13.30480266431403
56.46210847424412 27.78523280285795
78.43581383406747 32.29324902990109
69.88679332475573 42.426302534076
52.691520079620936 60.13892636187003
87.30632792602462 26.829002128699962
26.226656501824152 2.824967715731297
52.7804479687645 65.82650738035368
21.28182452179995 38.17706376879687
19.93346595376263 35.768429885192376
91.61719813401676 63.41235869789941
23.228648782274064 73.01317251364728
19.509398817035482 77.96205219410164
78.01563722038689 79.85095335605212
49.71932103522288 56.303148148901904
49.86956551051372 27.021528137658677
54.62775134449427 48.28777150612771
83.60596097242137 43.4212929264462
81.5389911199304 63.67064850285896
90.20638004335491 39.237290247180276
30.021887127645453 7.744325776198546
2.3735960133468237 95.02701297402551
81.49845137057447 97.11543460276822
93.04596549247809 65.46736719043022
39.40684892246624 29.270879547849194
41.273231110138454 4.552083112859629
7.431341289327387 59.747899344596256
66.3526035076925 53.20527290557047
83.8487195017557 7.018604236551839
32.60699658601911 72.36178714109239
67.0804546848921 7.828057943947919
58.21002723540361 13.72147612899759
88.44216898467515 95.21010129683134
6.333547624740909 61.00866060008939
73.98499180168162 17.975244719952155
58.245849695142795 47.353785857614426
73.25078605750171 63.65905492721687
36.757530800333726 38.77511641965082
14.057743819233238 77.47499358002871
53.19811722719907 5.9291125181965
24.025497763567174 4.363706802446831
3.2069242624712446 97.69234298168402
58.140475833190855 11.37292123106759
36.67176689751239 5.610515794759641
15.942691015004563 0.5194385140326219
49.76230187792922 43.669669196605774
32.90773781524998 68.36088045803932
64.69102186727443 1.1075761324221056
82.70885933438403 80.16142527205517
59.87815700326215 84.4079781855481
3.8713319618754682 15.094761055100092
62.265386407164634 55.34719599153966
42.74455317475682 57.785712323977855
31.663637784385113 19.498121224714293
6.548418473470208 1.8608376309878327
34.75738913516224 43.96566881634894
17.51889329962394 65.73672641651089
53.05899968687093 67.60569826431194
49.06456949821418 66.12959334546105
52.447151212175946 18.65128335606412
8.134871730038839 10.473202951118099
81.20847502871008 58.1558890092652
39.206772521913116 79.6523123872094
51.33798409734449 49.692657332461664
46.47810119121348 39.052403722859744
27.444405018026096 57.261651910960495
33.11587189402648 75.02261188923279
22.548993122310968 68.72021376590503
19.235692529064785 12.87113591786877
13.694038056251856 22.933163142280677
7.737630043175125 35.75521492233863
46.43257946438724 11.917804511495934
13.518061511153313 67.98426875293589
64.61416208037267 40.383362535170974
36.93748390285586 36.68883898244745
37.84919760828361 5.893936520510945
26.548657082830907 91.05614390124826
90.78887913967554 81.01384998516022
32.79244219251014 60.01468868320947
17.81428353418899 61.69410324833559
20.974439094971377 13.392232902155921
81.01840237589872 35.21609466033168
85.27662468115922 84.39353837710625
53.77533578425467 35.230398810816425
13.98126463852687 80.80519704252931
53.89109850048946 5.953551785898914
65.84405508266298 43.41887002134184
35.50225198267353 96.64144068301763
54.9836549641587 91.85715108088851
68.84647937534147 98.55500196815272
80.57524585442255 73.71752346886565
13.571249815972465 84.12923871062623
7.969533609164303 75.86318896461388
96.35563776278269 92.7659939852143
19.992635389857337 84.83703829091338
22.827507950263804 10.24966738140356
53.138130389311975 34.163853766158944
79.66187420206674 28.727391738452436
4.441752417866784 32.32335611232045
86.8864955717023 27.272508720350576
70.44825537051193 57.01750569279659
13.561616002017086 51.836403845392
90.88259030397074 49.29868929375615
10.806175600250722 9.325105833259828
89.25948145947083 47.22805934812775
81.52392288943831 17.4984126313135
18.102072086720554 49.05533378324045
73.35992105061275 39.13605296640489
84.99393123583351 32.11723356481252
59.41144501193526 67.14218300260556
32.33113808315512 29.4280567941816
48.50207660663028 51.70209343301879
97.29640321125731 61.11166124819678
15.364696307600223 90.17389007804869
24.493730018393613 94.08098931178553
59.60889552680396 22.128416046719977
74.00429433489151 19.42802386847109
45.89096931211084 65.18772364443379
55.57270121908271 18.58495445744568
31.0445261826369 58.43386193614521
27.659623261273335 6.5267790520143425
53.59416470243761 13.515318800836628
16.770406605827894 32.08212647246762
97.57103439478877 40.15021833457585
10.000667339536928 73.51346450511188
82.88873460657477 0.1171891122564439
4.855790091830647 20.360403220343905
48.96690054241822 48.66525772418014
31.025934399288644 78.33424738634311
66.27839747847538 89.02559337503168
37.391296445642006 7.9560732971928
59.2733643467775 91.30691442303687
42.971615068308274 31.158347863897685
56.502097891445416 22.436383972810138
73.93618198697696 11.160907961096111
98.83101576690642 43.926893551332455
60.62292404902249 91.77373903669933
78.71622999889462 13.596047841491632
1.2864163198366252 50.27849051795693
81.65205685973407 74.133990151647
62.73081917790447 95.07850862908055
6.3866034494130535 68.73366195800877
4.438315763680301 5.482227763176817
33.60123447242951 13.057536847731566
27.35741155774375 47.615859792623795
31.665891272565382 82.66400599552512
17.018021501705093 8.448181814158662
72.73686721429972 59.008935786202
54.28834872872756 41.398047513884805
41.502764919183264 33.47722823377248
81.10029286169987 58.62245347641741
55.263694614754264 78.29211026372462
13.134336993142126 66.64137849460246
91.88512117289885 12.339108635906637
46.695218909768066 88.91382477367044
26.001687224324765 16.11070027253375
9.596324106271293 72.85049478760286
93.03379315857373 39.00350059349478
54.70632283676294 40.311827019159864
46.57968232783616 82.09716996846717
81.25813075947434 54.66361633187802
35.38998435770838 36.07279418328684
5.281939223520837 65.63881708181015
63.273599343554835 4.736538991156092
49.493060071040354 14.689400901126115
15.787872791265912 65.07054808965505
64.48842227548174 75.14945092175005
35.34683922526204 58.02028539270554
97.9900954789224 73.30123013546945
17.715322043130488 38.55707232728427
77.6992314545626 33.757921933478244
29.61464681350492 97.48391802243731
39.379777186855016 27.07699918150095
12.713640681446769 37.22171372100737
7.1640563966526845 48.35984479613037
82.29548536507994 73.1871909979314
10.81030890812813 70.3696244749574
78.59485813760526 81.69137788264841
38.27546652498508 79.85957659869896
28.295357639622644 90.31351911683187
96.61876300430012 69.30823620539945
14.730021930377346 11.076312800442079
8.092283426226409 89.68188325675006
77.32044230201406 47.95120860974541
39.523504491163116 9.849296224370896
69.28726585715988 36.59686318319505
19.379422109487344 4.22604144860329
17.915187816691603 7.551841593641939
0.9697958524541361 16.195230884734222
71.32237583896895 24.025600155573756
89.12824708983135 27.987983117117732
76.15139815330002 34.125919105647974
39.045002863545086 29.39232140833784
0.3497302100407884 23.159072210467336
12.846376185779373 87.8572754624281
5.955977772321375 70.20950203968245
69.32455653300626 14.774097590857993
42.71883913490778 60.96985202008137
95.33994916820888 77.53764076340485
1.7278865623200579 40.78300856410366
76.8380596053772 48.335607579066384
19.387834083818678 75.44957404021821
9.094294641489197 28.81857607805166
37.81753451887136 51.94327360316685
80.44421901054339 19.345478549194027
52.21110257018087 1.1386640617179755
49.35723900616568 22.329586367775246
97.51898000589716 77.72711777083589
8.278847276170787 89.37639860448151
14.625111498489296 21.977462616900457
74.51568830900968 64.01300395350053
96.00994420563873 79.72619611181963
44.91118743782665 92.44574686912522
12.670396937257976 91.19826625656846
4.637795715165661 32.94060617342338
15.662828119910344 26.676530067228445
87.64443771024571 30.482275947193095
70.95186781803575 98.51083549814851
51.05403170076619 3.8809158145272638
15.67382364576282 34.14609862137278
64.95448095751684 95.35897086651372
65.48367912196723 46.80730058982186
2.8638595434225644 73.3727422457598
79.83351715150377 34.93315014895965
34.775544917683234 18.104919780931894
73.38008614547104 69.39293715612739
8.133167768425409 4.665135249382246
57.63829135868943 40.05375981913365
80.37088668885896 8.962828064385665
24.0370527725425 29.257229947806785
48.73632415150243 51.73606622294879
87.28386770430406 58.39770486306192
75.85767181503468 33.84452615148269
99.82648151745201 89.88489945997271
3.5659963765249048 49.86073891343036
19.796900446322795 2.8161084076847254
42.12081862059992 88.25266689380328
29.382422083072314 35.27736487863004
71.40817545551062 25.05516563660478
16.972186923302445 32.4653557063525
45.352757531385535 27.192006658197833
91.74430371826125 36.141884848501284
44.456674541310356 75.20912153646873
46.586772454798584 84.58611483024464
62.73671926442258 38.92239357795653
70.33899211528814 89.54229204171087
39.51050622288672 19.628632335062658
81.50211508894927 24.60452691706776
80.7798897398785 56.230774925109436
53.65822787868765 81.24841486431808
73.65224660112895 74.95221408570572
54.821853241971596 98.97687680367882
61.486838759931416 71.2704974855239
62.6498534685965 93.18619522657777
1.945173198937289 82.32571270730055
87.14328604890682 43.159347533296476
10.868303968771754 44.13376831320773
77.09919901643265 62.575632464864796
75.06093480897383 46.71395862018678
35.11845144158918 81.64368921589484
88.07608251371721 92.42713577671977
72.78777700549797 22.068930756688022
86.0793348118793 18.02428031080696
55.11793849502119 5.321878002316616
96.99109170129614 28.424516949614464
21.408236414864934 66.33156196373909
8.241830094824232 69.63535383282509
20.940291452706774 7.4094915562238235
46.71579957022972 87.9179310390581
52.412804688573104 34.001953969443996
70.83282389237954 62.79239925073241
66.82498192629797 81.86555592109691
72.87701244192829 43.15184472955882
34.04349657321822 18.688846205463673
92.23377638421971 18.038673005790308
60.04057774021428 46.0881396270432
4.337798949330129 49.77862462166629
38.75536071611392 81.65325932566951
9.599765612510613 65.13998397113616
48.55044800365527 24.418089382642595
99.13124743097404 65.44981500515435
35.29847622934328 54.25057336792154
23.71532321045725 65.33055850620325
91.3654541055353 40.699614281521605
94.68840745758945 31.955605007710385
68.71696027907605 62.13960579688242
5.850541893238049 84.43039585798294
35.09152672919834 1.2759578701299734
62.18894135133254 71.66105161437032
44.69084205292321 29.60027377924701
30.400840926297988 94.84190845076236
36.992671451819994 91.4550984704873
38.19167019534032 64.14576601084302
2.6726122331445445 3.0524040742781255
60.326248698576165 2.1460500348053357
95.53061359268064 55.1564355898187
11.014996279880751 84.78374119692792
92.28951185430519 93.58458977102342
68.92556596081677 46.89910233466858
60.62879918589872 34.33654420379909
92.54730676978441 29.646320833953343
33.94831477794846 74.94636193915369
21.09612463028716 76.46086821716287
79.22020854951506 13.405371280847566
10.895059280626974 11.343242592658498
86.46141828750953 13.11776610623825
27.490579648415746 50.41937123460365
30.458272720147082 1.2610208419506108
27.616988307857493 72.69038364460955
88.62135882280026 26.39909359923518
1.8824486693388875 53.65012466274661
42.65909553102518 23.694440096406932
88.40207788056492 4.922103037963499
2.0526808680976116 51.56705621809835
99.63315709292333 39.33673174390629
93.19709154095837 85.43789357504359
42.47755177752628 52.214855440655036
61.03360530423759 30.841513978157543
48.54534456551476 91.52243434425927
97.96259799452164 92.90120144925865
67.68549768172602 4.308510739440563
74.94583270364316 3.6187448732695637
73.90879676545137 39.97178246892443
66.16997672254531 27.295265298776716
87.64820473957536 21.063225726030577
28.08508240571146 30.56853146472823
49.26127142906375 81.14969668207523
18.856280229723165 21.53088191137169
52.49433604018001 85.12296366667867
25.051580072084654 46.62282227604895
16.96095640159474 72.2698703693759
91.8112666645704 87.38873354308899
21.09328594333383 27.763262200743476
56.43787421865116 73.80747458843277
61.76645952997612 71.01378581052278
71.59581666370461 6.08733041296664
37.448379347869185 80.19641722229774
22.436527627306514 59.34689274825502
23.9799142748942 74.67977289587996
9.071985608229994 4.0792165989614215
87.14522493572669 79.04405908583725
39.66922611681134 55.422795940626145
52.538830223481135 56.09656729211407
87.12828333031281 86.45477113851645
19.145466116258813 26.96738243756789
9.135522639832338 94.92884476322767
75.85896742484698 31.649364961831395
94.44459558718397 47.67344292274357
40.87437050991633 56.3219958621406
12.558725512773417 77.9239182758092
76.38547790640878 18.723264410611527
83.42765858310119 54.84491041319225
16.923476289617277 77.99432433058851
23.926194284165202 57.614717899924784
6.093088665703494 76.69210253236953
99.72438217889776 54.54619330235245
24.938835741584963 47.0110860767583
75.15212883831455 58.95249819438077
15.781596562175936 70.46690934007827
37.937856156257986 36.76078663160916
76.06999150291264 14.461697240495619
92.36397827622855 87.52148987301196
2.493429908530387 50.76400009331218
70.41552042757904 73.25813865368305
80.46433251969182 18.261127538836654
34.53630175280264 91.34990066023883
21.051503139977246 76.5197203270234
61.201552810915494 32.2504249462667
88.62871491674194 74.74089043338338
7.806014942116713 86.78797299121008
40.58959361439268 55.497746577760346
65.18314301449624 34.09829727464495
83.13925242904838 64.77647898235418
63.673175899817295 27.39626229570591
51.09207798987572 29.690714484468117
48.135251768405695 73.20895581815908
96.71560987231882 45.98628701094542
88.3745865669255 9.5110649945925
39.264894214835635 29.260492330575648
83.04268654547867 89.24134450476127
63.555478175848236 89.98805596642518
46.75930660596476 52.24001465926298
91.44675159078275 66.82754913555821
86.41004639640276 53.4564136345537
4.44967468174251 69.78664062723423
34.32681368220221 35.918775670245275
27.002207427063006 14.937732635958522
32.26513741036802 47.76693993733656
56.462430948307016 45.801349338579165
75.69055674515043 84.04222921073674
13.7936765386516 4.393101223245854
37.31591414437809 28.948122569063617
45.260553478165754 19.335433221457677
79.94162717670473 15.01373385694369
60.249814784681064 63.255146052640335
91.458634488542 44.43451460462171
5.067144738944962 42.0926909683674
49.102790167577716 93.3395640752478
82.29261926498303 10.800432290282192
9.819223997449933 24.991622600448228
14.853900368493944 20.313368421614076
97.85412530008001 49.05533795520226
3.057282552914542 85.3066763200589
40.386714696731374 48.69474246838178
31.630914390197685 71.82536790086984
68.83856888242538 21.970211187654698
80.58899276026744 60.640155419874645
5.450573333487485 92.85621711668023
48.74673866042646 10.770816226526158
62.908275906965414 0.8859517744632117
57.231548961471134 75.92254129556034
39.676871475823376 53.61429612451284
10.094948623268095 6.035702108372954
87.99856411314606 27.311684606769436
62.587142394034245 70.10079501881577
75.44787997199843 42.048421203849784
7.726253750157952 41.89490711186178
91.95709340284634 18.582021421320437
72.01642035852814 77.51413861130077
16.237784792799037 99.38404796572864
4.247644830517238 45.02221184850356
23.055949315231782 76.45102417101184
55.698075975482794 52.96146033345388
84.31743511849294 98.44506469991126
59.93817521361544 84.5278487095985
19.428958870371726 37.06757111935366
26.11763509902869 14.888406122101427
77.7670799596567 14.266187439176603
9.016112479276783 21.33291379760591
95.80909326239794 47.75686052816853
51.777206159415336 90.31201621999385
25.93286005777894 40.90409253681779
75.12995229012066 26.83116081071404
62.450026599415644 87.7296431545852
36.683817663335425 4.136604845403569
78.74606245481878 49.08228648679439
61.64476880251176 66.21405883696629
62.079234713435184 49.13180039895367
8.096473838597685 39.20904206492597
2.927281566816853 42.462752556706796
3.7567029538750685 91.66676191684718
88.29028146030434 62.31425677941802
39.45156554452793 25.99684429562955
62.997060358136736 7.799288398809024
63.48929291527091 3.1933338012050227
18.701170496458474 42.39804379017178
42.561232308834796 82.92847011247216
49.265417724173844 96.75488383058574
77.82779263641409 87.02154241559519
45.367083725242296 35.7834268039539
69.2786813705741 37.35086369958183
72.39802171084723 73.91038935248211
77.64159525242049 76.95607625808258
90.65772137690327 14.440945436879527
31.387050182267973 78.33891623193188
79.29986811976806 5.547740649352962
63.0403873757417 75.76602802491827
40.47134296978931 37.84315805494494
80.09014618962003 34.1352615179394
52.91824715336401 98.5397674513385
50.92872678847199 95.84455411860404
18.172031873142803 54.74916231173908
99.03332261001174 9.704547567081223
55.31964292547199 40.04322878940918
4.7169778779956655 86.9756773215895
82.30575358389572 95.87427309825101
37.555456988368206 50.80293177997879
56.69562279248584 60.125100432713786
55.1331580280451 52.57363834487483
87.67676074276662 18.344959661431247
44.705585336665955 39.097719675928445
25.692741421717493 64.22532731282158
58.74076000876292 78.18066399320467
27.264595031879814 31.652686145294762
58.296331339991035 71.7046264949987
13.465504798396832 84.28624245401986
10.952997978747614 92.84117435422131
74.72521950845001 77.02618674920923
63.651958105181095 71.23117680925716
21.092135404161596 92.95268874342378
7.888390129480571 68.15216876772253
8.07830302019057 30.922081694017635
88.74445683997948 69.84219593012006
64.67665924123226 38.429368258696286
53.15150636627526 2.132014685689554
98.14667211510563 3.522216275702339
53.71844219028033 96.89245212629204
34.50669155305789 6.4808029480008305
48.22776665539428 94.15733364965365
22.308076094591712 72.25002231515786
69.35121440331203 81.82195929186699
36.69914671071483 28.54314857588236
82.69836626912657 46.67561794207627
35.05237844347439 0.1490369248167811
34.71742093634083 72.71020834530138
43.91340431436818 27.410637472975985
52.495033495380426 96.57391507085748
13.336805405324892 66.3161348637728
68.02180663371492 35.861174491030766
19.046424714039677 77.6272971786033
40.664821214257294 70.46722031544539
60.998163729937325 5.516010072663069
56.49546982420256 23.596194947145076
9.417011676934973 56.30622059129835
23.539475982191725 25.60963869640411
81.06991940977825 61.04378171959587
24.535380154206067 45.722429593428004
5.647839144797184 94.01161192706722
58.34334592381494 47.79314539132468
9.320923696824412 79.76177243769048
43.94227488257923 33.40331819515602
19.661703181636437 22.78363381946177
17.60879888381728 70.72876144667237
26.14118806460033 1.0362891937483298
6.607650959662248 47.654381956539396
94.8680813590129 69.06259425805477
4.564430847306344 63.24244898088924
76.25717322896128 38.40716672285137
78.4265515195872 3.7176967184187726
0.5525189028463995 44.22658176470611
26.057399704558094 33.40511693427894
19.279998118298447 86.5838250897157
55.54722027174783 68.88327398342724
9.570251025418553 3.3560725270324165
86.72528678056455 23.782586203613075
28.36392233848152 6.680592006716268
79.29746719977784 65.75301715515388
41.29237956001113 99.76491364454787
39.88781923847036 60.19065776220931
15.68214165158005 33.44837289093987
42.873405126167874 34.34271574273025
0.4991324813395037 19.71358813595906
8.311593554983986 99.70693941346428
87.87281821462454 81.97483490854638
44.520778047810985 96.60832785667664
36.65423089519758 89.07810259500519
0.6788247819554005 67.2686705715145
13.769333828261788 3.1597432822318305
22.042531845790535 49.36342870841316
53.422407088959304 78.41589838783908
90.689698388439 95.80958710608071
70.62639705256764 49.72667315739866
77.28575949203426 47.617844973304535
92.19009802097841 10.967627988567429
69.0146479581399 92.72711101178754
37.70812963467519 37.249702987358035
4.444941602441032 95.39140785295494
53.19029975291922 15.65076566669028
31.383835233577052 85.20629154369898
93.67024355050008 86.05948240883846
75.44868279995379 31.954944450326828
42.85124785769069 34.24933780332191
88.25673135775467 24.545147090687124
77.94245032738239 49.18242925690558
2.6633925734733443 99.79881121394585
50.91527860612 16.42708885692903
68.35915236514188 3.2540558608036063
19.751887651029154 32.168346193840314
28.51078073430915 84.81459637950086
3.941493744559632 14.611833836163402
48.14303193807825 54.0119956922488
8.267809866952724 3.29754365555186
57.4541136285874 18.03945533651351
58.314125772046935 72.2277603946823
89.16515064214076 74.96742660891657
58.97564038921136 68.37353082922303
95.44389357796152 45.11536542373826
33.77341647693232 17.586428249549957
13.926071012249409 74.44239783190754
45.10439104183235 74.50237039422151
68.84403489686528 42.96055382352646
31.78212174900783 77.648399928544
44.663978129360984 60.22775129403326
49.018907390593405 8.015726340679773
12.686091568563818 33.224426621413485
8.966443784180477 32.91635515795719
87.23151788465799 14.44853742977511
1.432606679699544 71.81500297922928
3.0883038678317543 90.39645290323475
87.10658111259264 93.36608552009396
82.87667258709175 4.55648224344899
60.659187906461696 81.97159655869905
26.924651986379644 18.834316731363877
45.24402376509039 5.317936555586645
67.5251615204856 40.069047488236066
5.6478992007054085 62.045381836694524
94.21880911286894 79.85177712677324
56.10954738067312 54.270898161762936
34.26266696605633 38.308931797241875
81.56388582202364 77.80634998391847
39.63219866802085 92.93341225097802
31.82531452840448 92.72550747019793
20.591659358814585 15.618659315612437
91.37955888325347 49.45577651055372
12.823697181683947 23.1358050161932
16.023394990275875 67.94701562397968
78.72873218076218 0.12449094235436053
34.68191889061062 23.60749115715578
1.6521856026983084 14.898102899376475
35.25272162722867 96.29138963787064
71.52503907094797 69.66991415301197
19.45443872179744 95.3765676328848
27.686718797692635 26.725187894060774
39.1820762501736 88.42472431886448
83.04567054261689 71.1933762054042
70.20599574139703 3.7365572069115283
19.593086739777732 96.6198770107719
19.049797308233074 69.90015121458953
88.05130438861735 18.49220682204422
63.22234092057498 80.55284612758436
84.32144569600382 46.102117479933824
85.00741252587315 72.41246662293544
30.79994352519506 17.291340102504893
21.514133988190252 71.23437527707512
8.240047604340672 42.05607808871863
72.33848213543381 71.07307581481396
98.09827592916479 6.265611586503939
28.704048653345538 75.49974521717871
34.286142357019855 81.30648932423395
86.25240713578312 36.48664290852225
98.10829010097507 39.53370026436196
41.200147528349895 15.74110403673269
96.31696988348453 49.828069315295195
81.72431195465643 0.8546313221626356
75.2685136340854 70.39793128574992
9.054426592280407 83.45407605788527
5.176903780904185 17.325457025543955
20.693324044478146 42.53317077893091
77.98218590152997 62.6649892522505
23.88096953383719 14.270598526247834
68.36725114143282 43.93903984005944
51.27123910953648 59.731884632362956
91.54877687376961 34.376742636837534
89.99901335902611 35.96435663872979
60.15373834275402 96.21208091542877
38.83081253526015 83.33178023256762
85.7835419595865 96.86469850720508
55.05331036787731 85.6805804547584
87.99993109087407 92.01327255593273
50.68415133600082 48.22407265522076
9.932293087754907 78.12057783872282
82.72573835038196 66.94306531930579
19.526295097228108 25.841167455238555
65.45419274058105 52.56230342916396
15.36004613368478 10.267775866471185
8.577949441695843 61.743124212924094
24.619419425555755 12.426257989310807
86.1175775400938 34.07109986864649
24.351003659822503 43.12157163217755
29.364859647834084 59.51822294910425
39.199551121253776 69.08654034220663
50.14959013352021 80.19750459109875
39.526229494302925 76.5619424215585
98.44106883035705 93.21501204928143
15.190213365976458 12.1345274803908
64.38804092873849 70.08978922547338
78.01557633392909 86.50175935571798
24.840773067427513 50.121189199995186
17.93141895505691 55.46584908276433
2.347938201245836 82.75300990038258
10.244932587223389 14.83810496658693
69.17945244590132 70.98469938090358
39.31325355703138 49.946234352140685
37.322014844534955 39.71326111414577
83.27924057490449 74.58408263603343
37.266443291443075 31.581400679234417
51.46096951417015 0.3250028708430275
43.50197374404519 4.810326144020061
5.612292113709616 94.69057036704051
6.729138398006052 28.742276596428184
41.92607980872699 49.39237297026749
25.030210406172436 42.137308808078245
80.30559974417312 15.274623900145102
17.458775028872665 47.861201533613865
55.657777739278814 15.54885106090521
55.79321717592299 7.060159150234114
1.5313291716437472 19.983737100952748
75.38986305468761 61.50250810081662
96.82658703255132 48.51389104709693
65.08743016383266 16.303306095237346
1.3304707393886006 68.76912485459808
4.209028792154179 20.205792692042778
80.4833155170807 56.35731958411715
77.97229589953952 34.25591333536116
32.65814928425791 31.507541740634505
33.228045996021606 75.7431770922502
19.653857686924624 88.17434632291925
67.50095102616646 47.366191362679324
95.42467904597746 25.797504639998714
35.664840751943274 98.50336787225392
43.555977698634564 42.168478005748376
38.58471707048802 49.81401929231707
63.792226366779005 26.32698783636004
5.427037225060194 65.05972756732106
19.486498348536642 33.04089112951135
67.29989593136038 5.38228728955219
43.6957805427327 47.96335779420784
84.7665015819141 20.413413210900234
13.771397667317476 87.89503006851774
54.810762120405535 77.02865619704231
82.64566499323898 50.608403020693856
46.97406361952914 96.08243249827653
82.91808300488354 54.5121311823771
70.12857903696191 71.7412858673248
60.99929725619967 49.4155037802538
5.313479957500212 0.40270468735658094
67.31687255347185 88.83951282778095
69.27333599217413 34.82175308284125
88.71481372757192 20.548220785320094
79.72790255628877 93.00816855424837
83.71449050937794 31.11085551816909
37.85336288634104 64.73965712498405
56.57075756807976 63.03016740240902
88.45988035260231 42.06761314650795
27.925236627527816 49.73381817508372
38.189675951732724 9.076636387848346
54.7250488083253 42.298794999963185
19.90600380046046 70.49883377232146
97.18811211655758 18.61260557229064
36.60430822525852 37.506446746817176
43.045555735262255 30.616868661666373
47.30729230574154 11.606808089846899
56.767238569417145 48.45503065867125
